1544286178795 1.4234 -0.0730 9.4918 9.5982
1544286179162 -0.4250 0.2813 8.9974 9.0118
1544286180112 0.6057 0.3005 9.4391 9.4633
1544286181068 0.7602 0.3795 9.3529 9.3915
1544286182014 0.7614 0.3639 9.3673 9.4052
1544286183157 0.7470 0.3723 9.3326 9.3698
1544286184101 0.7661 0.3843 9.3757 9.4148
1544286185043 0.7350 0.3627 9.3278 9.3638
1544286186180 0.7410 0.3855 9.3553 9.3926
1544286187127 0.7530 0.3472 9.3721 9.4087
1544286188068 0.7350 0.3436 9.3326 9.3678
1544286189015 0.7626 0.3555 9.3649 9.4026
1544286190155 0.7374 0.3651 9.3326 9.3688
1544286191101 0.7482 0.3543 9.3362 9.3728
1544286192047 0.7314 0.3663 9.3649 9.4006
1544286193178 0.7470 0.3591 9.3458 9.3824
1544286194125 0.7422 0.3867 9.3565 9.3939
1544286195066 0.7338 0.3687 9.3529 9.3889
1544286196012 0.7506 0.3663 9.3518 9.3890
1544286197153 0.7326 0.3867 9.3506 9.3872
1544286198085 0.7530 0.3675 9.3601 9.3976
1544286199039 0.7434 0.3651 9.3434 9.3800
1544286200177 0.7470 0.3364 9.3781 9.4138
1544286201129 0.7338 0.3496 9.3661 9.4013
1544286202074 0.7350 0.3627 9.3254 9.3614
1544286203024 0.7290 0.3855 9.3470 9.3833
1544286206041 0.7386 0.3735 9.3625 9.3990
1544286207067 0.7290 0.3855 9.3613 9.3976
1544286208019 0.7338 0.3543 9.3314 9.3669
1544286209155 0.7458 0.3627 9.3230 9.3598
1544286210058 0.7434 0.3663 9.3637 9.4003
1544286226071 0.7482 0.3675 9.3565 9.3936
1544286377068 0.7458 0.3831 9.3386 9.3761
1544286378064 0.7578 0.3603 9.3577 9.3953
1544286379017 0.7278 0.3735 9.3278 9.3636
1544286386056 0.7482 0.3807 9.3553 9.3929
1544286387058 0.7458 0.3915 9.3829 9.4206
1544286678051 0.7386 0.3735 9.3673 9.4038
1544286679147 0.7254 0.3591 9.3242 9.3593
1544286680093 0.7183 0.3699 9.3482 9.3830
1544286681039 0.7219 0.3747 9.3494 9.3847
1544286682191 0.7278 0.3639 9.3506 9.3859
1544286683117 0.7266 0.3747 9.3589 9.3946
1544286684010 0.7350 0.3675 9.3757 9.4116
1544286752040 0.7171 0.3795 9.3326 9.3678
1544286753182 0.7590 0.2179 9.3697 9.4029
1544286754122 0.6369 0.1903 9.3470 9.3706
1544286755084 0.6009 0.1640 9.3087 9.3295
1544286756032 0.6189 0.2083 9.3577 9.3805
1544286757157 0.5842 0.3340 9.4511 9.4750
1544286758111 0.6093 0.3543 9.4391 9.4654
1544286759072 0.5375 0.1939 9.3577 9.3752
1544286760010 0.5315 0.2310 9.3529 9.3709
1544286769040 0.5303 0.2203 9.3541 9.3718
1544286782055 0.5411 0.2179 9.3697 9.3878
1544286783121 0.3292 -0.0156 9.3661 9.3719
1544286944053 0.2693 -0.0934 9.4511 9.4554
1544286945094 0.3148 -0.0431 9.3601 9.3655
1544286946041 0.3316 -0.0563 9.3697 9.3757
1544286947178 0.3136 -0.0718 9.4320 9.4374
1544286948122 0.3112 -0.0742 9.3948 9.4003
1544286949078 0.3448 -0.0407 9.3649 9.3714
1544286950018 0.3029 -0.0515 9.3482 9.3532
1544286951145 0.3484 -0.0383 9.3829 9.3894
1544286952099 0.3352 -0.0670 9.3984 9.4047
1544286953047 0.3232 -0.0658 9.3577 9.3635
1544286954180 0.3340 -0.0670 9.3589 9.3651
1544286955131 0.3376 -0.0467 9.3685 9.3747
1544286956075 0.3328 -0.0634 9.3733 9.3794
1544286957023 0.3136 -0.0670 9.3865 9.3919
1544286958162 0.3184 -0.0587 9.3625 9.3681
1544286959109 0.3124 -0.0599 9.3889 9.3942
1544286960053 0.3160 -0.0467 9.4068 9.4122
1544286961189 0.3316 -0.0658 9.3625 9.3686
1544286962135 0.3316 -0.0467 9.3482 9.3542
1544286963091 0.3268 -0.0587 9.3625 9.3684
1544286964029 0.3220 -0.0694 9.3745 9.3803
1544287052054 0.3208 -0.0527 9.3757 9.3813
1544287058036 0.3172 -0.0563 9.4056 9.4111
1544287088045 0.3280 -0.0599 9.3733 9.3792
1544287359037 0.3316 -0.0503 9.3769 9.3829
1544287360159 0.3280 -0.0539 9.3829 9.3888
1544287361105 0.3256 -0.0407 9.3793 9.3850
1544287362058 0.3352 -0.0802 9.3721 9.3784
1544287363191 0.3089 -0.0670 9.3793 9.3846
1544287364135 0.3340 -0.0419 9.3877 9.3937
1544287666036 0.3448 -0.0443 9.3697 9.3762
1544287671068 0.3316 -0.0730 9.3625 9.3687
1544287683060 0.3100 -0.0539 9.3937 9.3989
1544287684122 0.3196 -0.0622 9.3865 9.3921
1544287743037 0.3292 -0.0491 9.3434 9.3493
1544287744041 0.3160 -0.0539 9.3601 9.3656
1544288351059 0.3460 -0.0455 9.3853 9.3918
1544288352039 0.3148 -0.0563 9.3793 9.3847
1544288353178 0.3352 -0.0431 9.3709 9.3770
1544288354134 0.3244 -0.0587 9.3805 9.3863
1544288355070 0.3196 -0.0634 9.3613 9.3670
1544288356018 0.3400 -0.0575 9.3565 9.3629
1544288357160 0.3424 -0.0479 9.3529 9.3593
1544288358102 0.3244 -0.0299 9.3434 9.3491
1544288359044 0.3376 -0.0563 9.3589 9.3652
1544288360184 0.3400 -0.0730 9.3769 9.3833
1544288361132 0.3136 -0.0658 9.3446 9.3501
1544288362078 0.3220 -0.0455 9.3781 9.3837
1544288363024 0.3376 -0.0575 9.3565 9.3628
1544288364160 0.3244 -0.0455 9.3470 9.3527
1544288365109 0.3316 -0.0575 9.3434 9.3494
1544288366059 0.3340 -0.0563 9.3625 9.3687
1544288367191 0.3208 -0.0455 9.3494 9.3550
1544288368142 0.3268 -0.0419 9.3637 9.3695
1544288583062 0.3304 -0.0455 9.3745 9.3804
1544288584169 0.3304 -0.0599 9.3529 9.3590
1544288585056 0.3460 -0.0670 9.3661 9.3727
1544288610050 0.3424 -0.0503 9.3733 9.3797
1544288673043 0.3460 -0.0706 9.3446 9.3512
1544288674096 0.3244 -0.0407 9.3913 9.3969
1544288675051 0.3316 -0.0563 9.3625 9.3686
1544288676186 0.3112 -0.0527 9.3529 9.3583
1544288677131 0.3352 -0.0383 9.3673 9.3734
1544288678078 0.3268 -0.0407 9.3661 9.3719
1544288679026 0.3448 -0.0431 9.3685 9.3750
1544288680160 0.3172 -0.0491 9.3458 9.3513
1544288681108 0.3220 -0.0682 9.3541 9.3599
1544288682052 0.3304 -0.0443 9.3853 9.3912
1544288683188 0.3436 -0.0455 9.3853 9.3917
1544288684133 0.3543 -0.0467 9.3877 9.3945
1544288685079 0.3340 -0.0443 9.3685 9.3746
1544288686026 0.3232 -0.0431 9.3817 9.3873
1544288687161 0.3316 -0.0718 9.3793 9.3854
1544288688111 0.3292 -0.0491 9.3733 9.3792
1544288689052 0.3220 -0.0431 9.3637 9.3694
1544288690191 0.3388 -0.0527 9.3925 9.3987
1544288691133 0.3184 -0.0467 9.3637 9.3693
1544288692081 0.3352 -0.0467 9.3434 9.3495
1544288693029 0.3256 -0.0563 9.4008 9.4066
1544289111052 0.3328 -0.0527 9.4044 9.4105
1544289159039 0.3316 -0.0634 9.3805 9.3866
1544289160048 0.3460 -0.0455 9.3793 9.3858
1544289161180 0.3256 -0.0587 9.3589 9.3648
1544289162128 0.3244 -0.0575 9.3482 9.3540
1544289423075 0.3388 -0.0575 9.3613 9.3676
1544289424078 0.3244 -0.0551 9.3446 9.3504
1544289425023 0.3256 -0.0611 9.3661 9.3720
1544289426157 0.3244 -0.0706 9.3805 9.3864
1544289427103 0.3304 -0.0611 9.3769 9.3829
1544289428050 0.3244 -0.0587 9.3745 9.3803
1544289483037 0.3328 -0.0407 9.3637 9.3697
1544289484195 0.3376 -0.0622 9.3817 9.3880
1544290383066 0.3340 -0.0587 9.3362 9.3423
1544290384190 0.3388 -0.0658 9.3553 9.3617
1544290401054 0.3304 -0.0634 9.3685 9.3746
1544290402139 0.3340 -0.0455 9.3769 9.3829
1544290403085 0.3220 -0.0551 9.3721 9.3778
1544290404031 0.3316 -0.0491 9.3685 9.3745
1544290405168 0.3352 -0.0658 9.3948 9.4011
1544290406113 0.3388 -0.0611 9.3673 9.3736
1544290407061 0.3232 -0.0694 9.3637 9.3696
1544290408011 0.3280 -0.0443 9.3697 9.3756
1544290409146 0.3232 -0.0682 9.3996 9.4054
1544290410095 0.3424 -0.0730 9.3625 9.3691
1544290411039 0.3316 -0.0694 9.3470 9.3531
1544290412173 0.3328 -0.0622 9.3553 9.3615
1544290413122 0.3388 -0.0563 9.3565 9.3628
1544290414072 0.3184 -0.0587 9.3757 9.3813
1544290415019 0.3244 -0.0622 9.3661 9.3719
1544290416152 0.3304 -0.0563 9.3518 9.3578
1544290417101 0.3232 -0.0646 9.3721 9.3779
1544290418042 0.3460 -0.0551 9.3494 9.3559
1544290419183 0.2969 -0.0682 9.3984 9.4034
1544290420127 0.3352 -0.0491 9.3877 9.3938
1544290421072 0.3304 -0.0455 9.3769 9.3828
1544290552066 0.3436 -0.0646 9.3637 9.3702
1544290563058 0.3280 -0.0527 9.3613 9.3672
1544290652066 0.3328 -0.0599 9.3577 9.3638
1544290958037 0.3340 -0.0431 9.3925 9.3985
1544290959154 0.3304 -0.0646 9.3793 9.3853
1544290960094 0.3208 -0.0515 9.3661 9.3718
1544290961054 0.3112 -0.0419 9.3829 9.3881
1544290962185 0.3124 -0.0730 9.3625 9.3680
1544290963131 0.3148 -0.0407 9.3649 9.3703
1544290964075 0.3424 -0.0515 9.3649 9.3713
1544291018037 0.3244 -0.0658 9.3685 9.3744
1544291019031 0.3184 -0.0515 9.3565 9.3621
1544291020048 0.3508 -0.0634 9.3613 9.3681
1544291021073 0.3412 -0.0587 9.3769 9.3833
1544291022026 0.3256 -0.0658 9.3613 9.3672
1544291023161 0.3244 -0.0587 9.3709 9.3767
1544291024108 0.3172 -0.0455 9.3793 9.3848
1544291025056 0.3172 -0.0515 9.3673 9.3728
1544291026024 0.3220 -0.0431 9.3661 9.3718
1544291027039 0.3304 -0.0766 9.3721 9.3782
1544291028011 0.3376 -0.0443 9.3769 9.3831
1544291029019 0.3053 -0.0491 9.3589 9.3640
1544291030017 0.3232 -0.0431 9.3039 9.3096
1544291031016 0.3268 -0.0563 9.3158 9.3217
1544291032020 0.3232 -0.0575 9.3506 9.3563
1544291033017 0.3112 -0.0706 9.3075 9.3129
1544291034018 0.3077 -0.0718 9.3158 9.3212
1544291035016 0.3148 -0.0383 9.3553 9.3607
1544291036018 0.3220 -0.0778 9.3434 9.3492
1544291037016 0.3184 -0.0634 9.3230 9.3287
1544291038018 0.3280 -0.0491 9.3242 9.3301
1544291039020 0.3208 -0.0551 9.3099 9.3155
1544291040016 0.3089 -0.0622 9.3111 9.3164
1544291041016 0.3412 -0.0658 9.3529 9.3594
1544291042016 0.3160 -0.0503 9.3589 9.3644
1544291043016 0.3436 -0.0730 9.3565 9.3631
1544291044017 0.3268 -0.0479 9.3254 9.3313
1544291045016 0.3172 -0.0622 9.3446 9.3502
1544291046017 0.3436 -0.0563 9.3122 9.3188
1544291047019 0.3232 -0.0826 9.3529 9.3589
1544291048017 0.3280 -0.0634 9.3422 9.3481
1544291049021 0.3292 -0.0646 9.3422 9.3482
1544291050011 0.3136 -0.0682 9.3278 9.3333
1544291051018 0.3304 -0.0658 9.3063 9.3124
1544291052017 0.3220 -0.0599 9.3266 9.3324
1544291053016 0.3124 -0.0575 9.3254 9.3308
1544291054016 0.3220 -0.0694 9.3326 9.3384
1544291055016 0.3280 -0.0694 9.3410 9.3470
1544291056017 0.3208 -0.0670 9.3111 9.3168
1544291057018 0.3148 -0.0622 9.3314 9.3369
1544291058016 0.3244 -0.0551 9.3482 9.3540
1544291059075 0.3184 -0.0706 9.3805 9.3862
1544291060155 0.3531 -0.0527 9.3613 9.3681
1544291061055 0.3352 -0.0539 9.3865 9.3926
1544291062136 0.3208 -0.0407 9.3434 9.3490
1544291063036 0.3412 -0.0634 9.3889 9.3953
1544291064115 0.3388 -0.0479 9.3290 9.3353
1544291065015 0.3268 -0.0646 9.3625 9.3685
1544291066095 0.3208 -0.0622 9.3422 9.3479
1544291067176 0.3124 -0.0670 9.3458 9.3512
1544291068075 0.3268 -0.0634 9.3829 9.3888
1544291069156 0.3136 -0.0455 9.3601 9.3655
1544291070056 0.3256 -0.0634 9.3913 9.3971
1544291071137 0.3352 -0.0539 9.3685 9.3747
1544291072036 0.3053 -0.0611 9.3446 9.3498
1544291073117 0.3304 -0.0611 9.3996 9.4056
1544291074041 0.3184 -0.0646 9.3913 9.3969
1544291081058 0.3400 -0.0634 9.3865 9.3928
1544291086042 0.3400 -0.0599 9.3637 9.3701
1544291204058 0.3292 -0.0599 9.3529 9.3589
1544291205060 0.3136 -0.0611 9.3769 9.3823
1544291284059 0.3268 -0.0395 9.3829 9.3886
1544291285140 0.3340 -0.0443 9.3721 9.3782
1544292003122 0.3089 -0.0551 9.3817 9.3869
1544292130070 0.3148 -0.0646 9.3613 9.3668
1544292131093 0.3304 -0.0646 9.3853 9.3913
1544292132040 0.3029 -0.0551 9.3661 9.3712
1544292133173 0.3328 -0.0527 9.3577 9.3638
1544292134113 0.3136 -0.0575 9.3745 9.3799
1544292135068 0.3316 -0.0599 9.3326 9.3387
1544292136012 0.3184 -0.0634 9.3889 9.3945
1544292137150 0.3292 -0.0539 9.3829 9.3888
1544292138095 0.3220 -0.0515 9.3661 9.3718
1544292139039 0.3089 -0.0527 9.3494 9.3546
1544292140194 0.3316 -0.0587 9.3458 9.3518
1544292141124 0.3412 -0.0551 9.3314 9.3378
1544292142073 0.3376 -0.0527 9.3685 9.3747
1544292143022 0.3232 -0.0539 9.3805 9.3862
1544292144157 0.3136 -0.0599 9.3697 9.3751
1544292145103 0.3077 -0.0431 9.4044 9.4096
1544292146050 0.3280 -0.0599 9.3733 9.3792
1544292147185 0.3292 -0.0599 9.3613 9.3673
1544292148133 0.3244 -0.0527 9.3733 9.3791
1544292149078 0.3472 -0.0611 9.3577 9.3644
1544292150023 0.3256 -0.0539 9.3613 9.3671
1544292184059 0.3268 -0.0587 9.3829 9.3887
1544292185174 0.3304 -0.0634 9.3984 9.4045
1544293084045 0.3304 -0.0431 9.3721 9.3780
1544293085183 0.3136 -0.0599 9.3733 9.3787
1544293443088 0.3172 -0.0503 9.3769 9.3824
1544293448041 0.3280 -0.0563 9.3506 9.3565
1544293635060 0.3148 -0.0515 9.3685 9.3739
1544293636035 0.3041 -0.0682 9.3601 9.3653
1544293859041 0.3112 -0.0634 9.3948 9.4002
1544293860076 0.3077 -0.0503 9.3470 9.3522
1544293861024 0.3256 -0.0539 9.3661 9.3719
1544293862160 0.3160 -0.0790 9.3470 9.3526
1544293863105 0.3304 -0.0527 9.3996 9.4056
1544293864061 0.3244 -0.0599 9.3673 9.3731
1544293865190 0.3292 -0.0575 9.3446 9.3505
1544293866135 0.3256 -0.0611 9.3589 9.3648
1544293867086 0.3172 -0.0479 9.3853 9.3908
1544293868031 0.3400 -0.0694 9.3805 9.3869
1544293869170 0.3496 -0.0539 9.3649 9.3716
1544293870121 0.3256 -0.0443 9.3589 9.3647
1544293871062 0.3352 -0.0646 9.3805 9.3867
1544293872195 0.3328 -0.0563 9.3853 9.3913
1544293873140 0.3340 -0.0419 9.3541 9.3602
1544293874091 0.3196 -0.0599 9.3577 9.3634
1544293875038 0.3352 -0.0838 9.3518 9.3581
1544293876175 0.3112 -0.0359 9.3901 9.3953
1544293877120 0.3400 -0.0563 9.3757 9.3820
1544293878066 0.3412 -0.0455 9.4068 9.4131
1544293879012 0.3304 -0.0515 9.3649 9.3709
1544293977068 0.3304 -0.0658 9.3458 9.3518
1544293978060 0.3328 -0.0587 9.3685 9.3746
1544293979008 0.3220 -0.0479 9.3565 9.3622
1544293980136 0.3184 -0.0503 9.3817 9.3872
1544293981091 0.3184 -0.0587 9.3853 9.3909
1544293982034 0.2993 -0.0551 9.3182 9.3232
1544293983169 0.3316 -0.0503 9.3697 9.3757
1544293984189 0.3400 -0.0622 9.3889 9.3952
1544293985058 0.3148 -0.0706 9.3733 9.3789
1544293986190 0.3304 -0.0539 9.3649 9.3709
1544293987141 0.3160 -0.0503 9.3733 9.3788
1544293988080 0.3208 -0.0491 9.3565 9.3622
1544293989035 0.3340 -0.0503 9.3817 9.3878
1544293990171 0.3316 -0.0670 9.3398 9.3459
1544293991115 0.3184 -0.0706 9.3494 9.3550
1544293992061 0.3244 -0.0670 9.3733 9.3792
1544293993013 0.3208 -0.0694 9.3733 9.3790
1544293994144 0.3029 -0.0479 9.3996 9.4046
1544293995090 0.3268 -0.0407 9.3721 9.3779
1544293996035 0.3172 -0.0706 9.3685 9.3741
1544293997174 0.3304 -0.0539 9.3649 9.3709
1544293998121 0.3316 -0.0563 9.3960 9.4021
1544293999069 0.3304 -0.0622 9.3278 9.3339
1544294000014 0.3460 -0.0599 9.3853 9.3918
1544294001151 0.3268 -0.0527 9.3518 9.3576
1544294002110 0.3172 -0.0455 9.3482 9.3537
1544294003044 0.3268 -0.0599 9.3518 9.3577
1544294004181 0.3304 -0.0431 9.3829 9.3888
1544294005129 0.3328 -0.0515 9.3470 9.3530
1544294006077 0.3220 -0.0455 9.3589 9.3646
1544294007021 0.3244 -0.0515 9.3541 9.3599
1544294884039 0.3448 -0.0527 9.3649 9.3714
1544294885091 0.3220 -0.0479 9.3697 9.3754
1544294889060 0.3280 -0.0575 9.3470 9.3529
1544295588164 0.3244 -0.0515 9.3865 9.3922
1544295589110 0.3352 -0.0371 9.3673 9.3734
1544295590059 0.3160 -0.0718 9.3948 9.4004
1544295591190 0.3077 -0.0515 9.4080 9.4132
1544295592135 0.3364 -0.0395 9.3529 9.3591
1544295593082 0.3412 -0.0611 9.3829 9.3893
1544295594026 0.3376 -0.0706 9.3697 9.3761
1544295595161 0.3304 -0.0563 9.4032 9.4092
1544295596106 0.3304 -0.0587 9.3625 9.3685
1544295597054 0.3316 -0.0527 9.3685 9.3745
1544295598186 0.3112 -0.0443 9.3697 9.3750
1544295599135 0.3316 -0.0587 9.3829 9.3889
1544295600084 0.3268 -0.0431 9.3458 9.3516
1544295601029 0.3436 -0.0515 9.3757 9.3821
1544295602165 0.3100 -0.0599 9.3637 9.3690
1544295603121 0.3136 -0.0527 9.3781 9.3835
1544295604064 0.3400 -0.0874 9.3913 9.3978
1544295605009 0.3136 -0.0718 9.3589 9.3645
1544295606144 0.3029 -0.0587 9.3613 9.3664
1544295607089 0.3136 -0.0611 9.3422 9.3476
1544295608035 0.3328 -0.0682 9.3482 9.3543
1544295784062 0.3172 -0.0563 9.3913 9.3968
1544295785139 0.2945 -0.0599 9.3901 9.3949
1544296330056 0.3172 -0.0419 9.3649 9.3704
1544296684038 0.3232 -0.0658 9.3685 9.3743
1544296685132 0.3124 -0.0622 9.3745 9.3799
1544297317039 0.3292 -0.0515 9.3482 9.3541
1544297318081 0.3196 -0.0539 9.3829 9.3885
1544297319025 0.3508 -0.0431 9.3625 9.3692
1544297320163 0.3256 -0.0491 9.3721 9.3779
1544297321109 0.3280 -0.0694 9.3613 9.3673
1544297322069 0.3232 -0.0634 9.3326 9.3384
1544297323191 0.3244 -0.0682 9.3697 9.3756
1544297324136 0.3352 -0.0407 9.3793 9.3854
1544297325084 0.3208 -0.0503 9.3589 9.3646
1544297326029 0.3519 -0.0503 9.3829 9.3896
1544297327165 0.3172 -0.0467 9.3398 9.3453
1544297328112 0.3280 -0.0622 9.3362 9.3422
1544297329061 0.3196 -0.0347 9.4044 9.4099
1544297330192 0.3136 -0.0718 9.3529 9.3585
1544297331136 0.3328 -0.0694 9.3721 9.3783
1544297332085 0.3364 -0.0479 9.3721 9.3783
1544297333032 0.3280 -0.0599 9.3937 9.3996
1544297334169 0.3340 -0.0622 9.3601 9.3663
1544297335123 0.3280 -0.0539 9.3745 9.3804
1544297336062 0.3184 -0.0766 9.3757 9.3814
1544297337009 0.3388 -0.0443 9.3589 9.3652
1544297585084 0.3160 -0.0551 9.3458 9.3513
1544297586108 0.3328 -0.0766 9.3745 9.3807
1544297770057 0.3124 -0.0670 9.3733 9.3787
1544297784039 0.3268 -0.0467 9.3589 9.3648
1544298486113 0.3292 -0.0455 9.3458 9.3517
1544298487063 0.3160 -0.0455 9.3482 9.3536
1544298748036 0.3160 -0.0682 9.3721 9.3777
1544298750045 0.3268 -0.0323 9.3781 9.3838
1544298751084 0.3184 -0.0754 9.3470 9.3527
1544299046110 0.3124 -0.0622 9.3817 9.3871
1544299047056 0.3244 -0.0563 9.3865 9.3922
1544299048003 0.3316 -0.0455 9.3661 9.3721
1544299049141 0.3316 -0.0383 9.3805 9.3864
1544299050086 0.3400 -0.0539 9.3470 9.3533
1544299051036 0.3376 -0.0515 9.3661 9.3723
1544299052173 0.3208 -0.0479 9.3661 9.3717
1544299053118 0.3448 -0.0563 9.3434 9.3499
1544299054065 0.3436 -0.0682 9.3745 9.3810
1544299055010 0.3364 -0.0826 9.4092 9.4156
1544299056140 0.3316 -0.0706 9.3637 9.3699
1544299057093 0.3172 -0.0551 9.3637 9.3693
1544299058037 0.3316 -0.0515 9.3625 9.3685
1544299059176 0.3184 -0.0347 9.3865 9.3919
1544299060126 0.3376 -0.0443 9.3649 9.3711
1544299061075 0.3220 -0.0622 9.3757 9.3814
1544299062016 0.3484 -0.0622 9.3482 9.3549
1544299063150 0.3232 -0.0443 9.3781 9.3838
1544299064097 0.3436 -0.0563 9.3470 9.3534
1544299065050 0.3280 -0.0479 9.3733 9.3792
1544299066180 0.3340 -0.0539 9.3494 9.3555
1544299225064 0.3220 -0.0503 9.3793 9.3849
1544299226066 0.3376 -0.0539 9.3889 9.3951
1544299387071 0.3220 -0.0599 9.3709 9.3766
1544299388062 0.3304 -0.0575 9.3865 9.3925
1544300230071 0.3124 -0.0622 9.3745 9.3799
1544300287043 0.3220 -0.0515 9.3721 9.3778
1544300288055 0.3136 -0.0443 9.3649 9.3703
1544300292045 0.3352 -0.0383 9.3470 9.3531
1544300481052 0.3400 -0.0467 9.3529 9.3592
1544300482163 0.3089 -0.0682 9.3613 9.3667
1544300483114 0.3196 -0.0515 9.3482 9.3538
1544300484059 0.3340 -0.0622 9.3853 9.3914
1544300485007 0.3376 -0.0491 9.3290 9.3352
1544300486149 0.3328 -0.0611 9.3386 9.3447
1544300487091 0.3268 -0.0551 9.3518 9.3576
1544300488047 0.3232 -0.0335 9.3518 9.3574
1544300489185 0.3172 -0.0622 9.3553 9.3609
1544300490121 0.3304 -0.0359 9.3685 9.3744
1544300491083 0.3148 -0.0527 9.3577 9.3632
1544300492024 0.3268 -0.0323 9.3817 9.3874
1544300493161 0.3148 -0.0359 9.3817 9.3870
1544300494107 0.3340 -0.0634 9.3553 9.3615
1544300495053 0.3268 -0.0599 9.3613 9.3672
1544300496188 0.3232 -0.0455 9.3470 9.3527
1544300497137 0.3041 -0.0551 9.3182 9.3234
1544300498087 0.3268 -0.0563 9.3565 9.3624
1544300499036 0.3208 -0.0587 9.3745 9.3802
1544300500171 0.3400 -0.0611 9.3745 9.3809
1544300501117 0.3328 -0.0563 9.3374 9.3435
1544300502077 0.3256 -0.0539 9.3925 9.3982
1544300503007 0.3412 -0.0611 9.3625 9.3689
1544300504143 0.3304 -0.0742 9.3673 9.3734
1544300505090 0.3268 -0.0419 9.3697 9.3755
1544300506037 0.3136 -0.0622 9.3841 9.3895
1544300507172 0.3196 -0.0383 9.3721 9.3776
1544300508118 0.3376 -0.0670 9.3553 9.3617
1544300509066 0.3196 -0.0587 9.3649 9.3706
1544300510013 0.3280 -0.0527 9.3601 9.3660
1544300511143 0.3136 -0.0527 9.3637 9.3691
1544300512094 0.3172 -0.0491 9.3649 9.3704
1544300666055 0.3220 -0.0383 9.3350 9.3406
1544300674045 0.3232 -0.0515 9.3565 9.3623
1544300722055 0.3280 -0.0431 9.3709 9.3767
1544300725042 0.3340 -0.0634 9.3853 9.3914
1544300775067 0.3352 -0.0587 9.3757 9.3819
1544300776143 0.3268 -0.0539 9.3422 9.3480
1544300777087 0.3412 -0.0730 9.3841 9.3906
1544300778035 0.3352 -0.0718 9.3589 9.3652
1544300779169 0.3184 -0.0503 9.3482 9.3537
1544300780119 0.3256 -0.0694 9.3565 9.3625
1544300781060 0.3364 -0.0467 9.3829 9.3890
1544300782007 0.3376 -0.0646 9.3745 9.3808
1544300783145 0.3376 -0.0431 9.3661 9.3723
1544300784089 0.3184 -0.0682 9.3565 9.3622
1544300785035 0.3232 -0.0599 9.3506 9.3563
1544300786169 0.3136 -0.0479 9.3661 9.3715
1544300787118 0.3077 -0.0395 9.3673 9.3724
1544300788063 0.3244 -0.0479 9.3434 9.3491
1544300789009 0.3436 -0.0491 9.3577 9.3642
1544300790144 0.3124 -0.0527 9.3589 9.3643
1544300791089 0.3364 -0.0479 9.3458 9.3519
1544300792037 0.3364 -0.0599 9.3829 9.3891
1544300793174 0.3304 -0.0503 9.3458 9.3517
1544300794118 0.3376 -0.0563 9.3685 9.3748
1544300795068 0.3100 -0.0551 9.3553 9.3606
1544301188072 0.3208 -0.0395 9.3529 9.3585
1544301189129 0.3172 -0.0611 9.3518 9.3573
1544302088066 0.3472 -0.0539 9.3781 9.3847
1544302089133 0.3268 -0.0551 9.3601 9.3660
1544302114056 0.3280 -0.0611 9.3685 9.3745
1544302115029 0.3220 -0.0682 9.3398 9.3456
1544302504153 0.3508 -0.0539 9.3721 9.3788
1544302505102 0.3376 -0.0431 9.3338 9.3400
1544302506047 0.3160 -0.0347 9.3733 9.3787
1544302507185 0.3292 -0.0611 9.3458 9.3518
1544302508135 0.3172 -0.0503 9.3434 9.3489
1544302509085 0.3136 -0.0527 9.3398 9.3452
1544302510031 0.3184 -0.0611 9.3948 9.4004
1544302511169 0.3304 -0.0706 9.3386 9.3447
1544302512116 0.3280 -0.0515 9.3470 9.3529
1544302513065 0.3220 -0.0742 9.3661 9.3719
1544302514014 0.3400 -0.0419 9.3458 9.3520
1544302515149 0.3292 -0.0682 9.3721 9.3781
1544302516096 0.3208 -0.0407 9.3470 9.3526
1544302517045 0.3220 -0.0551 9.3362 9.3419
1544302518181 0.3184 -0.0527 9.3697 9.3753
1544302519131 0.3412 -0.0611 9.3577 9.3642
1544302520075 0.3256 -0.0563 9.3422 9.3480
1544302521024 0.3304 -0.0419 9.3529 9.3589
1544302522158 0.3364 -0.0443 9.3541 9.3603
1544302523105 0.3196 -0.0347 9.3637 9.3692
1544302524071 0.3041 -0.0467 9.3625 9.3676
1544302801072 0.3519 -0.0611 9.3601 9.3669
1544302988049 0.3100 -0.0634 9.3398 9.3451
1544302989181 0.3328 -0.0479 9.3577 9.3638
1544303554075 0.3436 -0.0622 9.3901 9.3965
1544303555025 0.3220 -0.0587 9.3446 9.3503
1544303888085 0.3268 -0.0527 9.3745 9.3803
1544303889166 0.3460 -0.0682 9.3637 9.3704
1544304232072 0.3172 -0.0323 9.3865 9.3919
1544304233133 0.3316 -0.0419 9.3422 9.3482
1544304234084 0.3160 -0.0443 9.3398 9.3452
1544304235030 0.3136 -0.0563 9.3434 9.3488
1544304236166 0.3328 -0.0455 9.3661 9.3721
1544304237105 0.3124 -0.0622 9.3637 9.3691
1544304238057 0.3340 -0.0551 9.3721 9.3782
1544304239195 0.3388 -0.0706 9.3589 9.3653
1544304240140 0.3328 -0.0491 9.3553 9.3614
1544304241089 0.3412 -0.0503 9.3613 9.3677
1544304242037 0.3304 -0.0467 9.3793 9.3852
1544304243173 0.3256 -0.0527 9.3529 9.3588
1544304244119 0.3208 -0.0311 9.3589 9.3645
1544304245065 0.3268 -0.0515 9.3434 9.3492
1544304246010 0.3160 -0.0599 9.3853 9.3908
1544304247148 0.3268 -0.0491 9.3314 9.3373
1544304248094 0.3256 -0.0515 9.3458 9.3516
1544304249043 0.3316 -0.0287 9.3458 9.3517
1544304250177 0.3424 -0.0539 9.3470 9.3534
1544304251123 0.3316 -0.0611 9.3721 9.3782
1544304252071 0.3412 -0.0706 9.3637 9.3702
1544304253018 0.3280 -0.0599 9.3685 9.3744
1544304263056 0.3244 -0.0503 9.3518 9.3575
1544304268057 0.3460 -0.0491 9.3553 9.3619
1544304789058 0.3220 -0.0563 9.3458 9.3515
1544304790164 0.3112 -0.0563 9.3494 9.3547
1544304994064 0.2969 -0.0515 9.3733 9.3781
1544304995031 0.2921 -0.0323 9.3745 9.3791
1544304996166 0.3280 -0.0347 9.3506 9.3564
1544305689058 0.3041 -0.0455 9.3661 9.3712
1544305690165 0.3172 -0.0263 9.3111 9.3165
1544305960058 0.2993 -0.0407 9.3362 9.3411
1544305961190 0.3136 -0.0419 9.3637 9.3691
1544305962139 0.3041 -0.0611 9.3757 9.3808
1544305963089 0.3112 -0.0539 9.3649 9.3702
1544305964039 0.3208 -0.0239 9.3565 9.3621
1544305965179 0.3005 -0.0323 9.3733 9.3782
1544305966119 0.3089 -0.0323 9.3757 9.3808
1544305967070 0.3005 -0.0311 9.3302 9.3351
1544305968017 0.3005 -0.0359 9.3637 9.3686
1544305969155 0.2873 -0.0192 9.3673 9.3717
1544305970102 0.2957 -0.0371 9.3709 9.3756
1544305971050 0.2909 -0.0491 9.3625 9.3672
1544305972186 0.2909 -0.0287 9.3434 9.3479
1544305973131 0.2945 -0.0539 9.3398 9.3446
1544305974073 0.2969 -0.0323 9.3637 9.3685
1544305975034 0.2933 -0.0503 9.3577 9.3625
1544305976166 0.2885 -0.0443 9.3649 9.3695
1544305977113 0.3029 -0.0275 9.3757 9.3806
1544305978061 0.3053 -0.0299 9.3565 9.3616
1544305979198 0.2837 -0.0551 9.3733 9.3778
1544305980142 0.3124 -0.0575 9.3757 9.3811
1544305981089 0.2945 -0.0575 9.3350 9.3398
1544306400090 0.2849 -0.0479 9.3278 9.3323
1544306589051 0.2957 -0.0335 9.3541 9.3589
1544306590036 0.3029 -0.0467 9.3254 9.3304
1544306735065 0.3017 -0.0431 9.3661 9.3711
1544306795058 0.2897 -0.0431 9.4032 9.4078
1544307275148 0.2957 -0.0539 9.3470 9.3518
1544307276103 0.3256 -0.0299 9.3565 9.3623
1544307277047 0.3077 -0.0335 9.3637 9.3688
1544307489039 0.2933 -0.0443 9.3553 9.3600
1544307490058 0.2837 -0.0204 9.3374 9.3417
1544307689080 0.2957 -0.0419 9.3446 9.3493
1544307690012 0.3017 -0.0515 9.3589 9.3639
1544307691157 0.2921 -0.0658 9.3470 9.3518
1544307692096 0.3017 -0.0551 9.3733 9.3783
1544307693044 0.3388 0.0120 9.3158 9.3220
1544307694180 0.3041 -0.0443 9.3937 9.3987
1544307695126 0.2921 0.0024 9.3170 9.3216
1544307696077 0.2298 -0.1065 9.2464 9.2499
1544307697017 0.2945 -0.0491 9.3685 9.3733
1544307698155 0.5974 0.1736 9.1243 9.1455
1544307699100 1.2366 -6.1435 9.8306 11.6582
1544307700046 6.9133 -7.7440 1.2641 10.4576
1544307701183 4.6543 -3.5458 7.3035 9.3583
1544307702128 -6.4093 3.8882 0.4597 7.5105
1544307703075 -2.2996 1.1708 8.8837 9.2509
1544307704030 -1.8423 2.1584 5.9771 6.6166
1544307705150 -2.6516 -2.4541 8.7305 9.4485
1544307706105 -0.5782 -1.2402 9.2692 9.3696
1544307707053 -0.6213 -1.2234 9.2883 9.3891
1544307708190 -0.6321 -1.2222 9.2751 9.3766
1544307709137 -0.6129 -1.2270 9.2596 9.3606
1544307710095 -0.6333 -1.2294 9.2572 9.3599
1544307711030 -0.6548 -1.2414 9.2632 9.3689
1544307712166 -0.6153 -1.2342 9.2464 9.3487
1544307713125 -0.6213 -1.2426 9.2285 9.3324
1544307714076 -0.6249 -1.2366 9.2273 9.3307
1544307715009 -0.6404 -1.2306 9.2404 9.3440
1544307716141 -0.6273 -1.2210 9.2416 9.3430
1544308140057 -0.6345 -1.2210 9.2644 9.3660
1544308390077 -0.6201 -1.2210 9.2500 9.3508
1544308391061 -0.6381 -1.2342 9.2883 9.3916
1544308717061 -0.6249 -1.2366 9.2668 9.3698
1544309291045 0.1616 -0.1365 -10.2089 10.2111
1544309292192 0.2562 -0.1389 -10.2412 10.2453
1544309417043 0.2598 -0.1472 -10.2149 10.2192
1544309418062 0.2622 -0.1472 -10.2208 10.2253
1544309419008 0.2634 -0.1245 -10.2400 10.2441
1544309420144 0.2658 -0.1377 -10.2089 10.2133
1544309421094 0.2729 -0.1437 -10.2316 10.2363
1544309422044 0.2586 -0.1161 -10.2101 10.2140
1544309423176 0.2586 -0.1281 -10.2220 10.2261
1544309424121 0.2442 -0.1437 -10.2364 10.2403
1544309425069 0.2466 -0.1544 -10.2005 10.2046
1544309426015 0.2514 -0.1065 -10.2280 10.2317
1544309427151 0.2466 -0.1496 -10.2256 10.2297
1544309428097 0.2658 -0.1413 -10.2208 10.2253
1544309429043 0.2598 -0.1089 -10.2065 10.2104
1544309430180 0.2670 -0.1472 -10.2316 10.2362
1544309431130 0.2526 -0.1365 -10.2161 10.2201
1544309432090 0.2538 -0.1425 -10.1849 10.1891
1544309433024 0.2705 -0.1532 -10.2137 10.2184
1544309434160 0.2490 -0.1413 -10.2484 10.2524
1544309435106 0.2598 -0.1353 -10.2208 10.2250
1544309436055 0.2502 -0.1269 -10.2556 10.2594
1544309437190 0.2538 -0.1353 -10.2304 10.2345
1544309438138 0.2490 -0.1616 -10.2113 10.2156
1544310158052 0.2550 -0.1389 -10.2280 10.2321
1544310191041 0.2454 -0.1460 -10.2352 10.2392
1544310192052 0.2562 -0.1389 -10.2185 10.2226
1544311091099 0.1748 -0.1891 -10.2532 10.2564
1544311092059 0.2011 -0.1592 -10.2592 10.2624
1544311145047 0.1951 -0.1832 -10.2077 10.2112
1544311146108 0.1915 -0.1736 -10.2256 10.2289
1544311147060 0.1556 -0.1808 -10.2268 10.2296
1544311148192 0.1736 -0.1772 -10.1981 10.2011
1544311149137 0.1712 -0.1891 -10.2316 10.2348
1544311150086 0.1700 -0.1987 -10.2424 10.2457
1544311151036 0.1915 -0.1736 -10.2173 10.2205
1544311152166 0.1927 -0.1927 -10.1981 10.2017
1544311153112 0.1664 -0.1676 -10.2400 10.2427
1544311154063 0.1832 -0.1784 -10.2053 10.2085
1544311155006 0.1844 -0.1927 -10.2388 10.2423
1544311156144 0.1915 -0.1688 -10.2185 10.2216
1544311157087 0.1891 -0.1772 -10.2268 10.2301
1544311158035 0.1724 -0.1820 -10.2376 10.2407
1544311159171 0.1724 -0.1867 -10.2089 10.2120
1544311160120 0.1820 -0.1963 -10.2304 10.2339
1544311161062 0.1772 -0.1784 -10.2161 10.2192
1544311162010 0.1712 -0.1772 -10.2400 10.2430
1544311163148 0.1963 -0.1724 -10.2412 10.2445
1544311164097 0.1724 -0.1939 -10.2244 10.2277
1544311165042 0.1808 -0.1844 -10.2185 10.2217
1544311166177 0.1796 -0.1939 -10.1981 10.2015
1544311598060 0.1951 -0.1688 -10.2053 10.2085
1544311600054 0.1820 -0.1867 -10.2400 10.2433
1544311992059 0.1700 -0.1808 -10.2484 10.2514
1544311993056 0.1951 -0.1808 -10.2292 10.2327
1544312874078 0.2095 -0.1748 -10.2328 10.2365
1544312875083 0.2263 -0.1772 -10.2304 10.2345
1544312876029 0.2406 -0.1772 -10.2161 10.2204
1544312877166 0.2334 -0.1628 -10.2400 10.2440
1544312878114 0.2346 -0.1796 -10.2053 10.2096
1544312879058 0.2059 -0.1700 -10.2268 10.2303
1544312880190 0.2059 -0.1616 -10.2077 10.2110
1544312881138 0.2131 -0.1856 -10.2220 10.2259
1544312882085 0.2095 -0.1736 -10.2448 10.2484
1544312883033 0.2286 -0.1640 -10.2639 10.2678
1544312884175 0.2119 -0.1425 -10.2041 10.2073
1544312885122 0.2227 -0.1544 -10.2280 10.2316
1544312886070 0.2131 -0.1664 -10.2520 10.2555
1544312887021 0.2179 -0.1820 -10.2232 10.2272
1544312888158 0.2119 -0.1616 -10.2244 10.2279
1544312889113 0.1987 -0.1520 -10.2388 10.2419
1544312890055 0.2071 -0.1676 -10.2352 10.2387
1544312891192 0.2155 -0.1796 -10.2197 10.2235
1544312892153 0.2191 -0.1760 -10.2615 10.2654
1544312893086 0.2047 -0.1772 -10.2328 10.2364
1544312894032 0.2155 -0.1604 -10.2675 10.2710
1544313041060 0.2047 -0.1520 -10.2005 10.2037
1544313052047 0.2107 -0.1640 -10.2053 10.2088
1544313793088 0.1640 -0.1784 -10.2089 10.2118
1544313794040 0.1616 -0.1760 -10.2280 10.2308
1544314492055 0.1820 -0.1784 -10.2280 10.2312
1544314506057 0.1616 -0.1736 -10.2364 10.2392
1544314533038 0.1484 -0.1903 -10.2520 10.2548
1544314534009 0.1664 -0.1903 -10.2580 10.2611
1544314535005 0.1425 -0.1664 -10.3011 10.3034
1544314536005 0.1688 -0.1891 -10.2747 10.2778
1544314537035 0.1616 -0.1784 -10.1957 10.1985
1544314538115 0.1748 -0.1808 -10.2400 10.2431
1544314539016 0.1772 -0.1664 -10.2029 10.2058
1544314540134 0.1580 -0.1580 -10.2161 10.2185
1544314541082 0.1724 -0.1652 -10.2280 10.2308
1544314542030 0.1784 -0.1712 -10.2651 10.2681
1544314543168 0.1544 -0.1640 -10.2508 10.2532
1544314544123 0.1760 -0.1820 -10.2017 10.2048
1544314545065 0.1592 -0.1688 -10.2352 10.2378
1544314546019 0.1700 -0.1652 -10.1921 10.1949
1544314547148 0.1628 -0.1963 -10.2065 10.2097
1544314548092 0.1604 -0.1652 -10.2220 10.2246
1544314549043 0.1592 -0.1820 -10.2173 10.2201
1544314550181 0.1712 -0.1712 -10.2053 10.2082
1544314551128 0.1712 -0.1796 -10.2005 10.2035
1544314552078 0.1688 -0.1724 -10.2017 10.2045
1544314553014 0.1856 -0.1927 -10.1909 10.1944
1544314554156 0.1700 -0.1832 -10.2137 10.2167
1544314555095 0.1927 -0.1652 -10.2137 10.2168
1544314556048 0.1472 -0.1915 -10.2161 10.2189
1544314557182 0.1652 -0.1748 -10.2089 10.2117
1544314558129 0.2011 -0.1784 -10.2185 10.2220
1544314559067 0.1520 -0.1939 -10.2268 10.2298
1544314560021 0.1652 -0.1891 -10.2197 10.2227
1544314561158 0.1652 -0.1844 -10.2412 10.2442
1544314562103 0.1724 -0.1784 -10.2328 10.2358
1544314563051 0.1640 -0.1915 -10.2185 10.2216
1544314603054 0.1832 -0.1832 -10.2388 10.2421
1544314604070 0.1652 -0.1820 -10.1921 10.1951
1544314605019 0.1676 -0.1748 -10.1933 10.1962
1544314606153 0.1520 -0.1676 -10.2532 10.2557
1544314607103 0.1580 -0.1844 -10.2220 10.2249
1544314608050 0.1724 -0.1592 -10.2185 10.2211
1544314609184 0.1556 -0.1772 -10.2292 10.2319
1544314610131 0.1903 -0.1736 -10.2520 10.2552
1544314611081 0.1832 -0.1772 -10.2149 10.2180
1544314612025 0.1676 -0.1784 -10.2316 10.2345
1544314613159 0.1676 -0.1844 -10.2268 10.2299
1544314614109 0.1760 -0.1604 -10.2101 10.2128
1544314615049 0.1748 -0.1616 -10.2268 10.2296
1544314616185 0.1616 -0.1820 -10.2496 10.2525
1544314617130 0.1700 -0.1832 -10.2185 10.2215
1544314618077 0.1592 -0.1724 -10.2340 10.2367
1544314619021 0.1568 -0.1700 -10.2256 10.2283
1544314620156 0.1604 -0.1712 -10.2065 10.2092
1544314621100 0.1808 -0.1891 -10.2208 10.2242
1544314622047 0.1712 -0.1772 -10.2220 10.2250
1544314623182 0.1580 -0.1856 -10.2185 10.2214
1544314693056 0.1592 -0.1903 -10.1766 10.1796
1544314694066 0.1664 -0.1772 -10.2125 10.2154
1544314778055 0.1724 -0.1796 -10.2280 10.2311
1544314784060 0.1221 -0.1856 -10.2161 10.2185
1544315594070 0.1149 -0.1820 -10.2065 10.2088
1544315595013 0.1113 -0.1999 -10.1993 10.2019
1544315946107 0.1197 -0.1927 -10.2388 10.2413
1544316332045 0.1281 -0.2059 -10.2029 10.2058
1544316333031 0.1185 -0.2035 -10.2197 10.2224
1544316334168 0.1149 -0.2119 -10.2185 10.2213
1544316335112 0.1281 -0.1844 -10.2388 10.2413
1544316336052 0.0994 -0.2263 -10.2065 10.2095
1544316337009 0.1281 -0.2227 -10.2197 10.2229
1544316338142 0.1053 -0.2023 -10.1933 10.1959
1544316339085 0.1089 -0.1748 -10.2185 10.2205
1544316340034 0.1101 -0.1975 -10.2268 10.2293
1544316341169 0.1293 -0.2143 -10.2185 10.2215
1544316342113 0.0910 -0.2119 -10.2304 10.2330
1544316343062 0.1125 -0.2047 -10.2316 10.2343
1544316344006 0.1305 -0.2011 -10.2161 10.2189
1544316345140 0.0970 -0.1999 -10.2029 10.2053
1544316346088 0.1113 -0.1975 -10.1945 10.1970
1544316347033 0.1185 -0.1891 -10.2268 10.2293
1544316348171 0.1125 -0.1927 -10.2053 10.2077
1544316349116 0.1161 -0.2119 -10.2208 10.2237
1544316350064 0.1125 -0.1927 -10.2340 10.2364
1544316351011 0.1101 -0.2179 -10.1849 10.1879
1544316352149 0.1006 -0.2179 -10.1885 10.1914
1544316495065 0.1233 -0.2167 -10.2316 10.2347
1544316496171 0.1077 -0.2095 -10.1921 10.1948
1544317386146 0.1401 -0.1963 -10.2472 10.2500
1544317395038 0.1341 -0.2143 -10.2005 10.2036
1544317396168 0.1341 -0.2119 -10.2185 10.2215
1544317702084 0.1233 -0.2143 -10.2017 10.2047
1544317704056 0.1592 -0.2107 -10.2268 10.2302
1544317705081 0.1760 -0.2011 -10.2376 10.2411
1544318060106 0.1472 -0.2035 -10.2005 10.2036
1544318061053 0.1604 -0.2095 -10.2137 10.2171
1544318062189 0.1676 -0.1999 -10.2484 10.2517
1544318063137 0.1664 -0.1772 -10.2220 10.2249
1544318064082 0.1484 -0.2227 -10.2017 10.2052
1544318065031 0.1724 -0.2107 -10.2125 10.2161
1544318066167 0.1796 -0.2023 -10.2208 10.2244
1544318067118 0.1712 -0.2131 -10.1981 10.2018
1544318068066 0.1532 -0.1951 -10.2089 10.2119
1544318069010 0.1640 -0.1963 -10.2185 10.2217
1544318070146 0.1616 -0.2023 -10.2017 10.2050
1544318071093 0.1556 -0.1903 -10.2208 10.2238
1544318072039 0.1484 -0.1987 -10.2041 10.2071
1544318073175 0.1760 -0.2035 -10.2280 10.2316
1544318074122 0.1736 -0.1903 -10.2149 10.2181
1544318075076 0.1832 -0.2011 -10.1993 10.2029
1544318076021 0.1616 -0.2095 -10.2280 10.2315
1544318077158 0.1592 -0.2095 -10.2077 10.2111
1544318078103 0.1484 -0.2095 -10.1957 10.1989
1544318079052 0.1580 -0.1987 -10.2663 10.2695
1544318080191 0.1448 -0.2035 -10.2197 10.2227
1544318295057 0.1784 -0.1879 -10.1957 10.1990
1544318296021 0.1640 -0.2047 -10.2185 10.2218
1544318826148 0.1544 -0.2143 -10.2400 10.2434
1544319196040 0.1437 -0.2263 -10.2244 10.2280
1544319197172 0.1652 -0.2095 -10.2077 10.2112
1544319788161 0.1437 -0.1951 -10.1849 10.1878
1544319789117 0.1640 -0.2274 -10.2017 10.2055
1544319790062 0.1508 -0.1975 -10.2017 10.2047
1544319791010 0.1592 -0.2035 -10.1981 10.2014
1544319792149 0.1796 -0.2167 -10.2699 10.2738
1544319793092 0.1448 -0.2023 -10.2280 10.2311
1544319794041 0.1437 -0.1927 -10.2256 10.2285
1544319795178 0.1484 -0.1999 -10.2316 10.2347
1544319796124 0.1592 -0.1832 -10.2101 10.2130
1544319797073 0.1544 -0.1939 -10.2304 10.2334
1544319798021 0.1652 -0.1999 -10.2149 10.2182
1544319799153 0.1592 -0.1975 -10.2472 10.2503
1544319800102 0.1544 -0.1939 -10.1849 10.1880
1544319801051 0.1568 -0.1927 -10.2412 10.2442
1544319802187 0.1652 -0.2035 -10.2053 10.2087
1544319803134 0.1676 -0.2083 -10.2220 10.2255
1544319804081 0.1580 -0.2047 -10.2304 10.2337
1544319805030 0.1568 -0.1975 -10.2436 10.2467
1544319806166 0.1664 -0.2071 -10.2568 10.2602
1544319807111 0.1580 -0.1879 -10.2185 10.2214
1544319808058 0.1712 -0.1963 -10.2651 10.2684
1544319809006 0.1640 -0.2011 -10.2185 10.2217
1544320096091 0.2610 -0.1365 -10.2149 10.2191
1544320097041 0.2837 -0.1329 -10.2149 10.2197
1544320266061 0.2753 -0.1329 -10.2675 10.2721
1544320996040 0.3041 -0.1556 -10.1849 10.1907
1544320997048 0.2107 -0.1520 -10.2149 10.2182
1544321517161 0.2693 -0.1580 -10.2208 10.2256
1544321518106 0.2693 -0.1664 -10.2232 10.2281
1544321519051 0.2921 -0.1592 -10.2208 10.2263
1544321520192 0.2682 -0.1628 -10.2208 10.2257
1544321521141 0.2753 -0.1664 -10.1682 10.1733
1544321522089 0.2693 -0.1520 -10.2364 10.2411
1544321523036 0.2789 -0.1688 -10.2185 10.2237
1544321524178 0.2825 -0.1664 -10.2161 10.2213
1544321525118 0.2825 -0.1604 -10.1993 10.2045
1544321526065 0.2646 -0.1712 -10.2280 10.2329
1544321527010 0.2729 -0.1472 -10.2304 10.2351
1544321528145 0.2777 -0.1460 -10.2316 10.2364
1544321529088 0.2622 -0.1820 -10.2017 10.2067
1544321530032 0.2825 -0.1389 -10.2065 10.2113
1544321531174 0.2765 -0.1736 -10.2448 10.2500
1544321532118 0.2921 -0.1760 -10.2220 10.2277
1544321533077 0.2801 -0.1628 -10.1945 10.1997
1544321534016 0.2634 -0.1496 -10.1897 10.1942
1544321535145 0.2729 -0.1389 -10.2316 10.2362
1544321536090 0.2682 -0.1592 -10.2460 10.2507
1544321537035 0.2909 -0.1640 -10.1993 10.2048
1544321706056 0.2813 -0.1712 -10.2089 10.2142
1544321896055 0.2765 -0.1724 -10.2220 10.2272
1544321896069 0.2777 -0.1544 -10.2077 10.2126
1544321897082 0.2729 -0.1592 -10.2220 10.2269
1544322796040 0.2717 -0.1389 -10.2292 10.2338
1544322797097 0.2801 -0.1532 -10.2268 10.2318
1544323146108 0.2693 -0.1508 -10.2029 10.2076
1544323147117 0.2981 -0.1508 -10.2005 10.2060
1544323245038 0.2789 -0.1640 -10.2161 10.2212
1544323246162 0.2909 -0.1736 -10.2077 10.2133
1544323247108 0.2837 -0.1616 -10.2352 10.2404
1544323248059 0.2837 -0.1496 -10.2316 10.2366
1544323249192 0.2622 -0.1700 -10.2232 10.2280
1544323250140 0.2789 -0.1568 -10.2089 10.2139
1544323251085 0.2825 -0.1724 -10.2268 10.2322
1544323252033 0.2753 -0.1640 -10.2185 10.2235
1544323253169 0.2729 -0.1664 -10.2017 10.2067
1544323254114 0.2813 -0.1592 -10.2268 10.2319
1544323255061 0.2873 -0.1772 -10.2436 10.2492
1544323256008 0.2873 -0.1640 -10.2185 10.2238
1544323257143 0.2837 -0.1460 -10.2173 10.2222
1544323258091 0.3029 -0.1496 -10.2077 10.2133
1544323259033 0.2717 -0.1568 -10.2149 10.2197
1544323260173 0.2490 -0.1616 -10.2077 10.2120
1544323261112 0.2945 -0.1508 -10.2149 10.2202
1544323262058 0.2753 -0.1664 -10.2316 10.2367
1544323263010 0.2825 -0.1915 -10.2089 10.2146
1544323264143 0.3124 -0.1353 -10.2137 10.2193
1544323265090 0.2658 -0.1580 -10.2185 10.2231
1544323697063 0.2921 -0.1556 -10.1981 10.2035
1544323698083 0.2801 -0.1437 -10.1981 10.2030
1544323699037 0.3124 -0.1796 -10.2089 10.2152
1544324460105 0.1293 -0.1891 -10.1682 10.1708
1544324461055 0.1197 -0.1891 -10.2089 10.2113
1544324462200 0.1281 -0.1999 -10.2065 10.2092
1544324587048 0.1197 -0.2083 -10.2352 10.2380
1544324597039 0.1425 -0.1963 -10.2208 10.2237
1544324598079 0.1532 -0.1939 -10.2208 10.2238
1544324973043 0.1329 -0.2011 -10.2161 10.2189
1544324974187 0.2298 -0.1544 -10.1945 10.1983
1544324975132 0.2777 -0.2107 -10.1993 10.2053
1544324976078 0.2334 -0.1987 -10.1933 10.1979
1544324977024 0.2107 -0.1832 -10.2161 10.2199
1544324978162 0.2406 -0.1867 -10.2149 10.2194
1544324979108 0.2346 -0.1856 -10.2137 10.2180
1544324980056 0.2215 -0.1736 -10.2125 10.2163
1544324981194 0.2358 -0.1784 -10.1945 10.1988
1544324982146 0.2430 -0.1999 -10.1933 10.1982
1544324983084 0.2227 -0.1772 -10.2077 10.2116
1544324984040 0.2095 -0.1580 -10.2496 10.2529
1544324985172 0.2454 -0.1987 -10.2185 10.2233
1544324986120 0.2370 -0.1736 -10.1957 10.1999
1544324987070 0.2382 -0.1820 -10.1825 10.1870
1544324988014 0.2370 -0.1903 -10.2185 10.2230
1544324989148 0.2239 -0.1844 -10.2292 10.2333
1544324990093 0.2286 -0.1628 -10.2292 10.2331
1544324991044 0.2562 -0.1820 -10.2244 10.2293
1544324992180 0.2286 -0.1891 -10.2029 10.2072
1544324993127 0.2358 -0.1724 -10.2125 10.2166
1544324994074 0.2083 -0.1820 -10.2161 10.2198
1544325012061 0.1999 -0.1604 -10.2699 10.2731
1544325018043 0.1891 -0.1867 -10.2173 10.2207
1544325497144 0.2047 -0.1592 -10.2568 10.2600
1544325498133 0.3891 0.1748 -10.1993 10.2082
1544326027125 0.4094 0.1676 -10.1957 10.2053
1544326397098 0.4166 0.1676 -10.1981 10.2080
1544326398133 0.3795 0.1688 -10.2053 10.2137
1544326702069 0.4034 0.1915 -10.2077 10.2174
1544326703175 0.3974 0.1832 -10.2460 10.2553
1544326704126 0.3663 0.1652 -10.1945 10.2024
1544326705070 0.3591 0.1856 -10.2065 10.2145
1544326706013 0.3711 0.1832 -10.2017 10.2101
1544326707142 0.3807 0.1832 -10.1945 10.2033
1544326708100 0.3771 0.1796 -10.2352 10.2437
1544326709048 0.3615 0.1951 -10.2185 10.2267
1544326710185 0.3938 0.1867 -10.2220 10.2313
1544326711131 0.3759 0.1867 -10.2137 10.2223
1544326712076 0.3855 0.1879 -10.2065 10.2155
1544326713026 0.3783 0.1999 -10.2185 10.2274
1544326714171 0.3795 0.1820 -10.2029 10.2116
1544326715105 0.3771 0.1903 -10.2005 10.2092
1544326716053 0.3867 0.1736 -10.1969 10.2057
1544326717189 0.3807 0.1700 -10.2053 10.2138
1544326718132 0.3615 0.1796 -10.2185 10.2264
1544326719079 0.3723 0.1963 -10.2292 10.2379
1544326720024 0.3831 0.1939 -10.2256 10.2346
1544326721160 0.3795 0.1844 -10.2280 10.2367
1544326722104 0.3771 0.1963 -10.2173 10.2261
1544326949069 0.3819 0.1867 -10.2256 10.2345
1544326950046 0.0431 -0.0551 -10.2280 10.2283
1544327297069 0.0359 -0.0443 -10.2232 10.2234
1544327298172 0.0347 -0.0539 -10.2376 10.2378
1544327467048 0.0575 -0.0611 -10.2089 10.2092
1544328198040 0.0180 -0.0479 -10.2352 10.2353
1544328199117 0.0239 -0.0850 -10.2005 10.2009
1544328430063 0.0120 -0.0694 -10.2077 10.2079
1544328431012 -0.0072 -0.0850 -10.2029 10.2032
1544328432144 -0.0108 -0.0850 -10.1933 10.1937
1544328433091 -0.0144 -0.0790 -10.1969 10.1972
1544328434038 0.0096 -0.0778 -10.2185 10.2188
1544328435178 -0.0048 -0.0814 -10.2280 10.2284
1544328436118 0.0072 -0.0898 -10.2400 10.2404
1544328437087 0.0072 -0.0910 -10.2125 10.2129
1544328438011 0.0096 -0.0886 -10.2244 10.2248
1544328439144 -0.0036 -0.0838 -10.2005 10.2008
1544328440091 0.0024 -0.0934 -10.2137 10.2141
1544328441036 -0.0036 -0.0910 -10.2089 10.2093
1544328442180 -0.0012 -0.0646 -10.2352 10.2354
1544328443119 -0.0132 -0.0994 -10.2304 10.2309
1544328444064 -0.0084 -0.0826 -10.2173 10.2176
1544328445010 0.0192 -0.0814 -10.2340 10.2344
1544328446147 -0.0120 -0.0778 -10.1754 10.1757
1544328447087 -0.0251 -0.0850 -10.1969 10.1973
1544328448038 -0.0024 -0.0706 -10.2232 10.2235
1544328449173 -0.0036 -0.0814 -10.2208 10.2212
1544328450121 0.0204 -0.0862 -10.1981 10.1985
1544328451063 0.0012 -0.0778 -10.1706 10.1709
1544328908065 -0.0132 -0.0862 -10.2137 10.2140
1544329098057 0.0287 -0.1030 -10.1921 10.1927
1544329099138 0.0227 -0.0814 -10.2029 10.2032
1544329998054 0.0239 -0.0850 -10.2113 10.2117
1544329999150 0.2083 0.0455 -10.2029 10.2051
1544330158057 0.1975 0.0407 -10.2424 10.2444
1544330159033 0.2538 0.0670 -10.2280 10.2314
1544330160177 0.2358 0.0718 -10.2041 10.2071
1544330161130 0.2155 0.0599 -10.2460 10.2484
1544330162073 0.2322 0.0563 -10.2089 10.2117
1544330163017 0.2263 0.0622 -10.2232 10.2259
1544330164155 0.2394 0.0539 -10.1969 10.1999
1544330165101 0.2478 0.0742 -10.1957 10.1990
1544330166044 0.2442 0.0563 -10.1885 10.1916
1544330167177 0.2502 0.0563 -10.2029 10.2061
1544330168127 0.2394 0.0467 -10.2173 10.2202
1544330169073 0.2298 0.0395 -10.2220 10.2247
1544330170025 0.2358 0.0491 -10.2340 10.2368
1544330171154 0.2370 0.0467 -10.2113 10.2141
1544330172108 0.2310 0.0563 -10.2244 10.2272
1544330173049 0.2239 0.0539 -10.1849 10.1875
1544330174177 0.2430 0.0587 -10.2232 10.2263
1544330175127 0.2346 0.0407 -10.2149 10.2176
1544330176075 0.2442 0.0479 -10.1945 10.1975
1544330177019 0.2442 0.0587 -10.1957 10.1988
1544330178156 0.2286 0.0599 -10.2065 10.2092
1544330179104 0.2334 0.0515 -10.1945 10.1973
1544330348068 0.2215 0.0682 -10.2029 10.2055
1544330898058 0.5734 0.4453 -10.2340 10.2597
1544330899182 0.4465 0.5315 -10.1969 10.2205
1544331788055 0.0850 -0.0024 -10.1897 10.1901
1544331799043 0.0910 0.0132 -10.1921 10.1925
1544331800117 0.0874 0.0060 -10.2232 10.2236
1544331887043 0.1006 -0.0024 -10.2220 10.2225
1544331888013 0.0946 0.0132 -10.2208 10.2213
1544331889150 0.0838 -0.0096 -10.2149 10.2152
1544331890097 0.0730 0.0012 -10.2089 10.2091
1544331891044 0.0958 -0.0036 -10.1885 10.1890
1544331892170 0.0886 -0.0072 -10.2256 10.2260
1544331893123 0.0802 0.0000 -10.1825 10.1829
1544331894071 0.0826 0.0048 -10.2029 10.2032
1544331895018 0.1006 0.0024 -10.1538 10.1543
1544331896152 0.1030 0.0407 -10.2041 10.2047
1544331897104 0.0826 -0.0180 -10.2113 10.2116
1544331898047 0.0934 0.0132 -10.2280 10.2285
1544331899187 0.0515 -0.0036 -10.2017 10.2018
1544331900135 0.0407 -0.0084 -10.1730 10.1730
1544331901081 0.0311 0.0156 -10.1981 10.1982
1544331902027 0.1556 -0.0144 -10.1742 10.1754
1544331903161 0.1496 -0.0072 -10.1754 10.1765
1544331904110 0.0754 -0.0587 -10.1502 10.1507
1544331905057 0.0012 -0.0682 -10.1718 10.1720
1544331906193 0.0395 -0.0742 -10.2807 10.2810
1544331907137 0.0096 -0.0407 -10.2316 10.2317
1544331978062 0.0084 -0.0299 -10.1957 10.1958
1544332700165 -0.0778 -0.0024 -10.2065 10.2068
1544332701110 -0.0634 -0.0227 -10.1861 10.1864
1544333228061 -0.0814 -0.0096 -10.2029 10.2032
1544333601044 -0.0503 0.0000 -10.2268 10.2270
1544333602075 0.0551 0.0431 -10.2077 10.2079
1544333615044 0.0599 0.0287 -10.2185 10.2187
1544333616062 0.1257 0.0575 -10.2460 10.2469
1544333617190 0.1197 0.0634 -10.1227 10.1236
1544333618135 0.0850 0.0359 -10.1909 10.1913
1544333619082 0.0622 0.0443 -10.1849 10.1852
1544333620028 0.1137 0.0814 -10.2053 10.2062
1544333621164 0.0646 0.0467 -10.2017 10.2020
1544333622115 0.0335 0.0563 -10.2328 10.2330
1544333623060 0.1041 0.0587 -10.2232 10.2239
1544333624006 0.0694 0.0563 -10.2244 10.2248
1544333625142 0.0802 0.0515 -10.2065 10.2069
1544333626090 0.0706 0.0431 -10.2244 10.2248
1544333627035 0.0778 0.0563 -10.2316 10.2321
1544333628172 0.0682 0.0646 -10.1945 10.1949
1544333629119 0.0910 0.0527 -10.2125 10.2130
1544333630065 0.0934 0.0479 -10.1909 10.1915
1544333631013 0.0730 0.0503 -10.1909 10.1913
1544333632149 0.0922 0.0706 -10.2005 10.2012
1544333633092 0.0970 0.0706 -10.1909 10.1916
1544333634042 0.0742 0.0730 -10.2005 10.2010
1544333635177 0.1053 0.0622 -10.1873 10.1881
1544333636129 0.1317 0.0862 -10.2268 10.2280
1544334501160 0.3412 0.1736 -10.1837 10.1909
1544334502116 0.3352 0.1784 -10.1586 10.1657
1544334668056 0.3484 0.1664 -10.1622 10.1695
1544335344088 -0.0634 -0.0072 -10.1754 10.1756
1544335345034 -0.0706 0.0108 -10.2101 10.2103
1544335346167 -0.0706 0.0048 -10.2077 10.2079
1544335347120 -0.0754 -0.0108 -10.2460 10.2463
1544335348072 -0.0718 0.0108 -10.1861 10.1864
1544335349014 -0.0910 0.0060 -10.2113 10.2117
1544335350151 -0.0539 0.0132 -10.1789 10.1791
1544335351097 -0.0802 0.0072 -10.2101 10.2104
1544335352046 -0.0658 -0.0024 -10.1825 10.1828
1544335353180 -0.0850 0.0036 -10.1945 10.1949
1544335354126 -0.0814 -0.0108 -10.2065 10.2068
1544335355073 -0.0551 0.0060 -10.1837 10.1839
1544335356012 -0.0682 0.0060 -10.2053 10.2055
1544335357157 -0.0778 0.0204 -10.2173 10.2176
1544335358107 -0.0527 0.0000 -10.2340 10.2342
1544335359051 -0.0646 0.0048 -10.1969 10.1971
1544335360184 -0.0587 -0.0120 -10.2041 10.2043
1544335361132 -0.0742 -0.0036 -10.2137 10.2139
1544335362093 -0.0611 0.0180 -10.2125 10.2127
1544335363024 -0.0694 0.0227 -10.2340 10.2343
1544335364158 -0.0742 0.0120 -10.2328 10.2331
1544335402058 -0.0634 0.0108 -10.1909 10.1911
1544335403098 -0.0946 -0.0060 -10.2089 10.2093
1544335888064 -0.0958 -0.0012 -10.1718 10.1722
1544335889008 -0.0682 -0.0048 -10.2029 10.2031
1544335890159 -0.0850 0.0060 -10.2316 10.2320
1544335891091 -0.0838 -0.0024 -10.2065 10.2068
1544335892039 -0.0826 0.0000 -10.2220 10.2224
1544335893181 -0.0658 0.0120 -10.2520 10.2522
1544335894134 -0.0706 -0.0204 -10.2161 10.2163
1544335895081 -0.0646 -0.0012 -10.2208 10.2211
1544335896019 -0.0922 -0.0215 -10.1945 10.1949
1544335897163 -0.0766 0.0072 -10.2197 10.2199
1544335898107 -0.0706 -0.0120 -10.1969 10.1972
1544335899054 -0.0658 0.0000 -10.2412 10.2414
1544335900192 -0.0599 -0.0060 -10.1969 10.1971
1544335901135 -0.0622 -0.0048 -10.2005 10.2007
1544335902075 -0.0670 -0.0024 -10.2077 10.2079
1544335903030 -0.0670 0.0060 -10.1789 10.1792
1544335904160 -0.0622 -0.0204 -10.2089 10.2091
1544335905115 -0.0838 0.0012 -10.2208 10.2212
1544335906062 -0.0539 0.0000 -10.2029 10.2030
1544335907016 -0.0682 -0.0012 -10.2077 10.2079
1544335908136 -0.0766 0.0000 -10.2232 10.2235
1544335909090 -0.0634 0.0000 -10.2077 10.2079
1544335910037 -0.0802 0.0060 -10.1921 10.1924
1544335911175 -0.0898 0.0084 -10.1813 10.1817
1544335912111 -0.0826 0.0060 -10.2149 10.2152
1544335913068 -0.0503 0.0000 -10.2173 10.2174
1544335914017 -0.0551 0.0168 -10.1993 10.1995
1544335915151 -0.0742 -0.0096 -10.2053 10.2056
1544335916098 -0.0766 0.0144 -10.2077 10.2080
1544335917044 -0.0730 0.0048 -10.2065 10.2067
1544335918171 -0.0778 -0.0012 -10.2077 10.2080
1544335919126 -0.0718 -0.0012 -10.2208 10.2211
1544336109058 -0.0766 0.0036 -10.1957 10.1960
1544336130038 -0.0551 0.0144 -10.1861 10.1863
1544336131048 -0.0790 0.0036 -10.1957 10.1960
1544336133035 -0.0551 0.0012 -10.2017 10.2018
1544336134057 -0.0862 0.0048 -10.1921 10.1925
1544336303037 -0.0730 0.0120 -10.1849 10.1852
1544336304128 -0.0850 0.0108 -10.2232 10.2236
1544337072043 -0.0742 -0.0156 -10.2101 10.2104
1544337073153 -0.0802 -0.0036 -10.1981 10.1984
1544337074104 -0.0766 0.0060 -10.1933 10.1936
1544337075049 -0.0539 0.0060 -10.2065 10.2066
1544337076188 -0.0658 0.0180 -10.2065 10.2067
1544337077134 -0.0766 0.0108 -10.2244 10.2247
1544337078080 -0.0814 0.0012 -10.2173 10.2176
1544337079027 -0.0970 0.0036 -10.2304 10.2309
1544337080160 -0.0886 0.0036 -10.2029 10.2033
1544337081109 -0.0563 0.0072 -10.2161 10.2162
1544337082054 -0.0730 0.0192 -10.2185 10.2187
1544337083188 -0.0886 -0.0132 -10.2041 10.2045
1544337084133 -0.0658 0.0108 -10.1909 10.1911
1544337085080 -0.0850 0.0383 -10.1813 10.1818
1544337086028 -0.0646 -0.0120 -10.2256 10.2258
1544337087165 -0.0802 0.0132 -10.1897 10.1900
1544337088112 -0.0718 0.0096 -10.2077 10.2079
1544337089059 -0.0886 0.0168 -10.1993 10.1997
1544337090007 -0.0622 0.0120 -10.1801 10.1803
1544337091142 -0.0754 0.0072 -10.2268 10.2271
1544337092087 -0.0802 -0.0036 -10.2208 10.2212
1544337093032 -0.0946 0.0024 -10.2340 10.2345
1544337203068 -0.0599 0.0048 -10.1813 10.1815
1544337204164 -0.0838 0.0192 -10.2065 10.2068
1544337549074 -0.0826 0.0048 -10.1825 10.1829
1544337551068 -0.0682 -0.0012 -10.2304 10.2307
1544338103047 -0.0790 0.0036 -10.2268 10.2271
1544338104163 -0.0682 0.0096 -10.2352 10.2354
1544338800057 -0.0874 0.0084 -10.1945 10.1949
1544338801189 -0.0694 -0.0024 -10.2532 10.2534
1544338802137 -0.0694 0.0024 -10.1933 10.1936
1544338803087 -0.0766 -0.0024 -10.2005 10.2008
1544338804037 -0.0790 0.0036 -10.1993 10.1996
1544338805176 -0.0730 -0.0204 -10.2101 10.2104
1544338806122 -0.0838 -0.0024 -10.2220 10.2224
1544338807067 -0.0682 0.0000 -10.2077 10.2079
1544338808013 -0.0766 -0.0084 -10.2340 10.2343
1544338809148 -0.0790 0.0036 -10.2161 10.2164
1544338810095 -0.0527 -0.0024 -10.2137 10.2138
1544338811040 -0.0838 0.0060 -10.2053 10.2056
1544338812177 -0.0814 -0.0275 -10.2256 10.2260
1544338813127 -0.0778 0.0012 -10.2232 10.2235
1544338814076 -0.0622 -0.0048 -10.2077 10.2079
1544338815023 -0.0599 -0.0108 -10.2161 10.2162
1544338816156 -0.0814 -0.0060 -10.2232 10.2236
1544338817107 -0.0742 0.0072 -10.1933 10.1936
1544338818057 -0.0778 0.0096 -10.2077 10.2080
1544338819007 -0.0814 0.0048 -10.2137 10.2140
1544338820145 -0.0778 0.0192 -10.2292 10.2295
1544338992045 -0.0802 0.0048 -10.2185 10.2188
1544338993067 -0.0634 -0.0012 -10.2125 10.2127
1544339003057 -0.0587 -0.0108 -10.1694 10.1695
1544339004041 -0.0802 0.0156 -10.2077 10.2080
1544339903090 -0.0658 0.0096 -10.2113 10.2115
1544339904047 -0.0742 0.0251 -10.2197 10.2200
1544340432109 -0.0814 -0.0048 -10.1849 10.1853
1544340433045 -0.0886 -0.0012 -10.2005 10.2009
1544340434186 -0.0551 -0.0060 -10.2185 10.2186
1544340529038 -0.0898 0.0036 -10.1957 10.1961
1544340530191 -0.1077 -0.0048 -10.2185 10.2190
1544340531138 -0.0802 -0.0072 -10.2065 10.2068
1544340532084 -0.0766 -0.0156 -10.2244 10.2247
1544340533029 -0.0826 -0.0036 -10.2280 10.2284
1544340534165 -0.0646 -0.0144 -10.1694 10.1696
1544340535110 -0.0491 -0.0024 -10.1933 10.1934
1544340536059 -0.0730 -0.0120 -10.1921 10.1924
1544340537006 -0.0754 -0.0084 -10.1933 10.1936
1544340538140 -0.0838 -0.0084 -10.2256 10.2260
1544340539089 -0.0634 0.0072 -10.1825 10.1827
1544340540035 -0.0766 0.0024 -10.1957 10.1960
1544340541170 -0.0790 0.0000 -10.2137 10.2140
1544340542119 -0.0467 -0.0156 -10.1969 10.1970
1544340543065 -0.0694 0.0012 -10.2053 10.2055
1544340544010 -0.0814 0.0024 -10.2208 10.2212
1544340545146 -0.0766 -0.0072 -10.2005 10.2008
1544340546093 -0.0670 0.0024 -10.2292 10.2294
1544340547038 -0.0611 -0.0120 -10.2065 10.2067
1544340548174 -0.0599 0.0036 -10.2173 10.2174
1544340549120 -0.0611 0.0012 -10.2173 10.2174
1544340803079 -0.0838 0.0048 -10.2089 10.2092
1544340804084 -0.0802 -0.0084 -10.1778 10.1781
1544340884063 -0.0850 -0.0156 -10.1945 10.1949
1544340885055 -1.2163 -2.2757 8.9723 9.3359
1544340886016 0.3950 -3.9373 8.7999 9.6486
1544340887147 -0.2394 -3.5554 6.9528 7.8127
1544340888095 -2.3499 -1.0199 11.0816 11.3738
1544340889048 2.3978 -1.2007 8.2756 8.6992
1544340890179 -0.2622 -1.1815 7.8614 7.9540
1544340891124 -6.9971 3.8295 5.4336 9.6513
1544340892068 0.0443 0.1532 9.4571 9.4584
1544340893012 0.0706 0.1317 9.3506 9.3517
1544340901044 0.0898 0.1760 9.3781 9.3802
1544340902198 0.0910 0.1508 9.3781 9.3797
1544340903138 0.0754 0.1532 9.3865 9.3880
1544340904090 0.0862 0.1772 9.3637 9.3658
1544340905048 0.0790 0.1879 9.3877 9.3899
1544340906198 0.0670 0.1604 9.3960 9.3977
1544340907136 0.0910 0.1664 9.4224 9.4243
1544340908068 0.0575 0.1544 9.3661 9.3676
1544341071037 0.0862 0.1640 9.3613 9.3632
1544341130044 0.0910 0.1544 9.3589 9.3607
1544341372060 0.0694 0.1592 9.3972 9.3988
1544341373186 0.0730 0.1676 9.3925 9.3942
1544341374140 0.0838 0.1472 9.4164 9.4179
1544341375085 0.0802 0.1724 9.3745 9.3764
1544341376032 0.0946 0.1616 9.3541 9.3560
1544341377172 0.0694 0.1580 9.3948 9.3964
1544341703035 0.0886 0.1664 9.3781 9.3800
1544341704146 0.0814 0.1580 9.3494 9.3510
1544341873039 0.0886 0.1508 9.3853 9.3869
1544342085060 0.0766 0.1724 9.3709 9.3728
1544342086109 0.0994 0.1808 9.3841 9.3863
1544342087052 0.0886 0.1592 9.4176 9.4194
1544342088190 0.0910 0.1628 9.3769 9.3787
1544342089136 0.0946 0.1568 9.3877 9.3895
1544342090081 0.0766 0.1592 9.4068 9.4085
1544342257037 0.0886 0.1460 9.3865 9.3880
1544342258099 0.0742 0.1508 9.3673 9.3688
1544342259049 0.1030 0.1556 9.3637 9.3656
1544342260182 0.0910 0.1568 9.3601 9.3619
1544342261130 0.0766 0.1544 9.3745 9.3761
1544342262079 0.1018 0.1640 9.3769 9.3789
1544342263026 0.0874 0.1556 9.3841 9.3858
1544342264161 0.0922 0.1736 9.3972 9.3993
1544342265112 0.0898 0.1425 9.3697 9.3712
1544342266056 0.0958 0.1568 9.3877 9.3895
1544342267191 0.0898 0.1748 9.4164 9.4184
1544342268137 0.0862 0.1700 9.4068 9.4087
1544342269086 0.0778 0.1520 9.3865 9.3880
1544342270029 0.0766 0.1736 9.3673 9.3692
1544342271161 0.0946 0.1700 9.3637 9.3657
1544342272107 0.0718 0.1616 9.4092 9.4109
1544342273051 0.0910 0.1628 9.3925 9.3943
1544342274190 0.0850 0.1700 9.3733 9.3752
1544342275137 0.0874 0.1616 9.3745 9.3763
1544342276081 0.0910 0.1532 9.3960 9.3977
1544342277029 0.0754 0.1676 9.3757 9.3775
1544342604084 0.0754 0.1508 9.3877 9.3892
1544342605129 0.0718 0.1532 9.3565 9.3581
1544343158057 0.0850 0.1628 9.3817 9.3835
1544343159074 0.0730 0.1568 9.3793 9.3809
1544343160035 0.0802 0.1736 9.3709 9.3729
1544343161170 0.0814 0.1652 9.3601 9.3619
1544343162114 0.0910 0.1736 9.3817 9.3837
1544343163062 0.0958 0.1760 9.3996 9.4018
1544343164012 0.0946 0.1532 9.3841 9.3858
1544343165150 0.0910 0.1484 9.3841 9.3857
1544343314039 0.0730 0.1389 9.3901 9.3914
1544343321056 0.0802 0.1604 9.3829 9.3846
1544343415055 0.0790 0.1472 9.3865 9.3880
1544343505037 0.0814 0.1580 9.4224 9.4241
1544343506102 0.0790 0.1652 9.3829 9.3847
1544343682053 0.0838 0.1556 9.3721 9.3738
1544343985050 0.0766 0.1544 9.3925 9.3940
1544343986172 0.0814 0.1377 9.3960 9.3974
1544343987113 0.0946 0.1628 9.4080 9.4099
1544343988061 0.0874 0.1592 9.3996 9.4014
1544343989006 0.0826 0.1700 9.3697 9.3716
1544343990142 0.0970 0.1664 9.3937 9.3956
1544343991094 0.0958 0.1724 9.3925 9.3945
1544343992041 0.0934 0.1520 9.3853 9.3870
1544343993178 0.0934 0.1724 9.3721 9.3742
1544343994123 0.0706 0.1664 9.3589 9.3607
1544343995072 0.0994 0.1676 9.4008 9.4029
1544343996019 0.0862 0.1796 9.3781 9.3802
1544343997152 0.0790 0.1628 9.3625 9.3643
1544343998099 0.0898 0.1700 9.3745 9.3765
1544343999046 0.0898 0.1712 9.3805 9.3825
1544344000181 0.1041 0.1688 9.3745 9.3766
1544344001132 0.0850 0.1520 9.4068 9.4084
1544344002080 0.0838 0.1724 9.3984 9.4004
1544344003026 0.0802 0.1568 9.3889 9.3905
1544344004163 0.0658 0.1628 9.3937 9.3953
1544344005106 0.0982 0.1676 9.3948 9.3969
1544344006051 0.0862 0.1664 9.4080 9.4099
1544344405056 0.0934 0.1592 9.3769 9.3787
1544344406159 0.0838 0.1496 9.3960 9.3976
1544344484037 0.0802 0.1604 9.3925 9.3942
1544344582039 0.0910 0.1413 9.3913 9.3928
1544344583057 0.0802 0.1796 9.3853 9.3873
1544344584008 0.0658 0.1688 9.3889 9.3906
1544344585143 0.0838 0.1784 9.3913 9.3933
1544344586092 0.0922 0.1389 9.3841 9.3856
1544344587042 0.0814 0.1604 9.3637 9.3655
1544344761035 0.0946 0.1676 9.4032 9.4052
1544344765054 0.0754 0.1676 9.3781 9.3799
1544344824057 0.0730 0.1329 9.4140 9.4152
1544344825069 0.0898 0.1628 9.3458 9.3476
1544344880057 0.0886 0.1712 9.3625 9.3645
1544345151039 0.1018 0.1640 9.3625 9.3645
1544345152153 0.0826 0.1700 9.3877 9.3896
1544345153100 0.1041 0.1748 9.3913 9.3935
1544345154047 0.0994 0.1472 9.3745 9.3762
1544345155182 0.0766 0.1460 9.3853 9.3867
1544345156121 0.0946 0.1748 9.3829 9.3850
1544345157015 0.0874 0.1784 9.3374 9.3395
1544345158031 0.0850 0.1413 9.3613 9.3628
1544345159149 0.0802 0.1652 9.3984 9.4002
1544345160050 0.0826 0.1628 9.3745 9.3763
1544345161015 0.0850 0.1472 9.3278 9.3294
1544345162012 0.0982 0.1580 9.3111 9.3129
1544345163033 0.1018 0.1604 9.3158 9.3178
1544345164018 0.0898 0.1592 9.3422 9.3440
1544345165011 0.0910 0.1508 9.3769 9.3785
1544345166019 0.0946 0.1484 9.3326 9.3343
1544345167015 0.0730 0.1448 9.3781 9.3795
1544345168012 0.0838 0.1712 9.3661 9.3681
1544345169012 0.0838 0.1712 9.3302 9.3322
1544345170012 0.0826 0.1604 9.3589 9.3607
1544345171018 0.0730 0.1508 9.3470 9.3485
1544345172014 0.0826 0.1652 9.3458 9.3476
1544345173012 0.0934 0.1556 9.3482 9.3499
1544345174012 0.0946 0.1652 9.3745 9.3764
1544345175012 0.0862 0.1508 9.3625 9.3641
1544345176012 0.0910 0.1413 9.3913 9.3928
1544345177014 0.0790 0.1460 9.3506 9.3520
1544345178014 0.1030 0.1604 9.3398 9.3417
1544345179019 0.0754 0.1700 9.3242 9.3261
1544345180012 0.0634 0.1460 9.3482 9.3495
1544345181012 0.0802 0.1496 9.3625 9.3641
1544345182028 0.0994 0.1604 9.3410 9.3429
1544345183014 0.0838 0.1401 9.3470 9.3484
1544345184021 0.0730 0.1604 9.3637 9.3654
1544345185010 0.0766 0.1844 9.3625 9.3647
1544345186012 0.0694 0.1640 9.3565 9.3582
1544345187015 0.0934 0.1353 9.3314 9.3328
1544345188012 0.0838 0.1820 9.3290 9.3312
1544345189010 0.0934 0.1664 9.3613 9.3633
1544345190014 0.0658 0.1568 9.3960 9.3976
1544345191011 0.0898 0.1604 9.4212 9.4230
1544345192097 0.0922 0.1676 9.3865 9.3884
1544345193170 0.0682 0.1724 9.3422 9.3440
1544345194078 0.0886 0.1437 9.3948 9.3964
1544345195157 0.0874 0.1592 9.4080 9.4098
1544345196057 0.0898 0.1700 9.3769 9.3789
1544345197138 0.0850 0.1652 9.4248 9.4266
1544345198032 0.0838 0.1604 9.3757 9.3774
1544345199130 0.0718 0.1676 9.3697 9.3715
1544345200012 0.0766 0.1556 9.4044 9.4060
1544345201099 0.0718 0.1556 9.3853 9.3868
1544345202178 0.0814 0.1580 9.3805 9.3822
1544345203077 0.0790 0.1628 9.4056 9.4074
1544345204157 0.0766 0.1820 9.4164 9.4185
1544345205050 0.0646 0.1580 9.4320 9.4335
1544345306055 0.0742 0.1580 9.3937 9.3953
1544345307115 0.0682 0.1556 9.4044 9.4060
1544345714057 0.0778 0.1568 9.4140 9.4156
1544345715164 0.0527 0.1640 9.3553 9.3569
1544345716113 0.1101 0.1808 9.3829 9.3853
1544345717061 0.0862 0.1484 9.3721 9.3737
1544345718009 0.0766 0.1484 9.3553 9.3568
1544345719133 0.0766 0.1676 9.3841 9.3859
1544345720089 0.0886 0.1580 9.3745 9.3762
1544345721040 0.0826 0.1413 9.3721 9.3735
1544345722172 0.0874 0.1676 9.3829 9.3848
1544345723118 0.0850 0.1604 9.3745 9.3763
1544345724064 0.0814 0.1664 9.4008 9.4027
1544345725014 0.0874 0.1472 9.4068 9.4084
1544345726152 0.0886 0.1496 9.3781 9.3797
1544345727094 0.0706 0.1652 9.3865 9.3882
1544345728044 0.0970 0.1544 9.3925 9.3942
1544345729182 0.1053 0.1604 9.3721 9.3741
1544345730133 0.0838 0.1580 9.3817 9.3834
1544345731076 0.0814 0.1592 9.4164 9.4181
1544345732023 0.0802 0.1532 9.3984 9.4000
1544345733158 0.0718 0.1760 9.4080 9.4099
1544345734105 0.0754 0.1460 9.3829 9.3843
1544346127057 0.0754 0.1856 9.3925 9.3946
1544346129045 0.0814 0.1425 9.3925 9.3939
1544346130134 0.0886 0.1616 9.3697 9.3715
1544346205061 0.0982 0.1592 9.3972 9.3991
1544346206075 0.0742 0.1628 9.3853 9.3870
1544346207029 0.0658 0.1520 9.3960 9.3975
1544347106054 0.0850 0.1736 9.4008 9.4028
1544347107172 0.0826 0.1532 9.3948 9.3965
1544347442068 0.0814 0.1484 9.4272 9.4287
1544347443018 0.0862 0.1508 9.3601 9.3617
1544347444159 0.0766 0.1580 9.3685 9.3702
1544347445103 0.0898 0.1796 9.3901 9.3922
1544347446052 0.0910 0.1508 9.3757 9.3773
1544347447192 0.0922 0.1401 9.3709 9.3724
1544347448134 0.0850 0.1496 9.3913 9.3928
1544347449083 0.0814 0.1664 9.3541 9.3560
1544347450031 0.0850 0.1425 9.3937 9.3951
1544347451167 0.0778 0.1676 9.3685 9.3703
1544347452114 0.0790 0.1628 9.4332 9.4349
1544347453063 0.0838 0.1640 9.3913 9.3931
1544347454005 0.0982 0.1700 9.3757 9.3777
1544347455143 0.0862 0.1544 9.3649 9.3666
1544347456095 0.0922 0.1508 9.4092 9.4109
1544347457042 0.0898 0.1688 9.3901 9.3920
1544347458175 0.0742 0.1425 9.3913 9.3926
1544347459124 0.0838 0.1496 9.4056 9.4072
1544347460071 0.0898 0.1688 9.3829 9.3848
1544347461016 0.0946 0.1484 9.3960 9.3977
1544347462159 0.1065 0.1425 9.3673 9.3690
1544347463106 0.0706 0.1652 9.3972 9.3990
1544347646055 0.0874 0.1676 9.3877 9.3896
1544347654040 0.0958 0.1772 9.3781 9.3803
1544348006085 0.0826 0.1437 9.4020 9.4035
1544348007039 0.0742 0.1736 9.4188 9.4207
1544348200042 0.0922 0.1532 9.3889 9.3906
1544348201132 0.0982 0.1532 9.3984 9.4002
1544348202080 0.0742 0.1784 9.3661 9.3681
1544348203029 0.0862 0.1437 9.3625 9.3640
1544348204172 0.0898 0.1604 9.3745 9.3763
1544348205118 0.1006 0.1496 9.3841 9.3858
1544348206064 0.0742 0.1377 9.3996 9.4009
1544348207010 0.0838 0.1425 9.4044 9.4059
1544348208145 0.0838 0.1580 9.3972 9.3989
1544348209092 0.1018 0.1508 9.3697 9.3715
1544348210039 0.0718 0.1604 9.3757 9.3773
1544348211175 0.0910 0.1544 9.3829 9.3846
1544348212120 0.0874 0.1903 9.3709 9.3732
1544348213071 0.0898 0.1460 9.3793 9.3809
1544348214020 0.0838 0.1472 9.3721 9.3736
1544348215147 0.1006 0.1544 9.3350 9.3368
1544348216099 0.0611 0.1867 9.4044 9.4065
1544348217045 0.0802 0.1508 9.3829 9.3844
1544348218197 0.0934 0.1520 9.4044 9.4061
1544348219125 0.0838 0.1472 9.3829 9.3844
1544348220072 0.0970 0.1532 9.4152 9.4169
1544348221020 0.0958 0.1580 9.3709 9.3727
1544348222157 0.0862 0.1844 9.3733 9.3755
1544348223102 0.0754 0.1844 9.3960 9.3982
1544348224052 0.0766 0.1425 9.3972 9.3986
1544348225190 0.0814 0.1508 9.3769 9.3785
1544348226137 0.0766 0.1592 9.3877 9.3893
1544348227082 0.0874 0.1532 9.4008 9.4025
1544348228030 0.0850 0.1460 9.4212 9.4227
1544348229167 0.0754 0.1580 9.3913 9.3929
1544348230118 0.0958 0.1688 9.3996 9.4016
1544348231053 0.0958 0.1496 9.3889 9.3905
1544348240057 0.0862 0.1664 9.4020 9.4039
1544348246037 0.0718 0.1568 9.3853 9.3869
1544348375052 0.0862 0.1556 9.3925 9.3941
1544348443036 0.0898 0.1808 9.3613 9.3635
1544348444038 0.0826 0.1640 9.3877 9.3895
1544348907118 0.0838 0.1604 9.3769 9.3786
1544348908070 0.0850 0.1688 9.3960 9.3979
1544349094063 0.0730 0.1556 9.3913 9.3928
1544349171065 0.0850 0.1592 9.3948 9.3966
1544349172109 0.1041 0.1556 9.3805 9.3824
1544349173056 0.0970 0.1580 9.3948 9.3967
1544349174193 0.0622 0.1520 9.3577 9.3592
1544349175142 0.0814 0.1604 9.3960 9.3978
1544349176090 0.0730 0.1413 9.3948 9.3962
1544349177033 0.0874 0.1604 9.4128 9.4146
1544349178170 0.0862 0.1664 9.4200 9.4219
1544349179113 0.0826 0.1580 9.4020 9.4037
1544349180056 0.0706 0.1437 9.3829 9.3842
1544349181012 0.1018 0.1472 9.3721 9.3738
1544349182158 0.0910 0.1568 9.3589 9.3607
1544349183098 0.0922 0.1820 9.3577 9.3600
1544349184041 0.0910 0.1604 9.3613 9.3631
1544349185179 0.0886 0.1580 9.3841 9.3858
1544349186127 0.0958 0.1520 9.4188 9.4205
1544349187072 0.0934 0.1556 9.4020 9.4038
1544349188022 0.0826 0.1580 9.3649 9.3666
1544349189156 0.0982 0.1748 9.3841 9.3862
1544349190103 0.1006 0.1460 9.3673 9.3690
1544349191049 0.0982 0.1484 9.3817 9.3834
1544349808061 0.1006 0.1724 9.3937 9.3958
1544349809071 0.0826 0.1568 9.3733 9.3750
1544350534053 0.1018 0.1508 9.3889 9.3906
1544350535039 0.0778 0.1532 9.3697 9.3713
1544350709055 0.0922 0.1580 9.4200 9.4218
1544350710010 0.0958 0.1508 9.3709 9.3726
1544350899038 0.0862 0.1532 9.3841 9.3857
1544350900141 0.0970 0.1616 9.3853 9.3872
1544350901085 0.0886 0.1532 9.4032 9.4049
1544350902033 0.0658 0.1688 9.3673 9.3691
1544350903171 0.0910 0.1484 9.3829 9.3845
1544350904117 0.0754 0.1556 9.3984 9.4000
1544350905064 0.0754 0.1520 9.3673 9.3689
1544350906013 0.0946 0.1676 9.4008 9.4028
1544350907150 0.0730 0.1508 9.3841 9.3856
1544350908094 0.1006 0.1688 9.3697 9.3718
1544350909043 0.0802 0.1544 9.3553 9.3570
1544350910179 0.0754 0.1508 9.3793 9.3808
1544350911124 0.1053 0.1556 9.3661 9.3680
1544350912070 0.0886 0.1401 9.4068 9.4083
1544350913017 0.1077 0.1628 9.3984 9.4005
1544350914153 0.0778 0.1580 9.4020 9.4037
1544350915101 0.0706 0.1496 9.3697 9.3712
1544350916044 0.1065 0.1640 9.3745 9.3765
1544350917180 0.0862 0.1472 9.4152 9.4167
1544350918126 0.0742 0.1592 9.3673 9.3690
1544350919073 0.0838 0.1544 9.3721 9.3737
1544350920025 0.0611 0.1700 9.3960 9.3978
1544351609056 0.0922 0.1628 9.3889 9.3907
1544351610061 0.0802 0.1484 9.3841 9.3856
1544351975053 0.1041 0.1616 9.3637 9.3657
1544352509130 0.0646 0.1532 9.3972 9.3987
1544352510078 0.1161 0.1580 9.3793 9.3813
1544352627042 0.0970 0.1520 9.3901 9.3918
1544352628009 0.0886 0.1472 9.3637 9.3653
1544352629152 0.0970 0.1544 9.4056 9.4074
1544352630100 0.0874 0.1676 9.3960 9.3979
1544352631047 0.0934 0.1604 9.4212 9.4230
1544352632181 0.0886 0.1772 9.3721 9.3742
1544352633123 0.0850 0.1676 9.3841 9.3860
1544352634074 0.0766 0.1712 9.3793 9.3812
1544352635020 0.0814 0.1389 9.3745 9.3759
1544352636157 0.0670 0.1760 9.3996 9.4015
1544352637098 0.0754 0.1389 9.3817 9.3830
1544352638051 0.0826 0.1544 9.3685 9.3701
1544352639184 0.0898 0.1616 9.3829 9.3847
1544352640134 0.0467 0.1484 9.3745 9.3758
1544352641086 0.0670 0.1305 9.3506 9.3517
1544352642030 0.0874 0.1628 9.3781 9.3799
1544352643164 0.0946 0.1760 9.4080 9.4101
1544352644112 0.0898 0.1472 9.3960 9.3976
1544352645057 0.0814 0.1640 9.3960 9.3978
1544352646194 0.0874 0.1616 9.3673 9.3691
1544352647134 0.0946 0.1496 9.3937 9.3953
1544352648080 0.0994 0.1580 9.3697 9.3716
1544353409052 0.0898 0.1748 9.3877 9.3897
1544353410115 0.0970 0.1664 9.3913 9.3932
1544353415042 0.0934 0.1712 9.4092 9.4112
1544354310112 0.0958 0.1640 9.3673 9.3692
1544354311067 0.1077 0.1484 9.3841 9.3859
1544354356075 0.0682 0.1544 9.3769 9.3784
1544354357188 0.0718 0.1353 9.3817 9.3829
1544354358133 0.0814 0.1592 9.3553 9.3571
1544354359080 0.0838 0.1532 9.3829 9.3845
1544354360024 0.0802 0.1520 9.3733 9.3749
1544354361158 0.0826 0.1425 9.4152 9.4166
1544354362111 0.0718 0.1712 9.3877 9.3895
1544354363059 0.0766 0.1532 9.3853 9.3868
1544354364194 0.0754 0.1484 9.3925 9.3939
1544354365141 0.0922 0.1544 9.3805 9.3822
1544354366080 0.0802 0.1532 9.4032 9.4048
1544354367034 0.0802 0.1640 9.3757 9.3775
1544354368170 0.0910 0.1580 9.3434 9.3452
1544354369117 0.0599 0.1460 9.3589 9.3603
1544354370065 0.0862 0.1604 9.4260 9.4277
1544354371010 0.0850 0.1700 9.4200 9.4219
1544354372147 0.0790 0.1592 9.3553 9.3570
1544354373095 0.0934 0.1604 9.3984 9.4003
1544354374042 0.0946 0.1520 9.3793 9.3810
1544354375176 0.1113 0.1604 9.3889 9.3909
1544354376124 0.1077 0.1568 9.3769 9.3788
1544354398055 0.0766 0.1556 9.3853 9.3869
1544354403053 0.0646 0.1628 9.4092 9.4108
1544354856145 0.0934 0.1640 9.3601 9.3620
1544354863055 0.0874 0.1544 9.3853 9.3869
1544355183090 0.0790 0.1484 9.3829 9.3844
1544355184083 0.0862 0.1891 9.3649 9.3672
1544355185032 0.0778 0.1460 9.3733 9.3748
1544355186171 0.0838 0.1652 9.3661 9.3679
1544355187120 0.0742 0.1616 9.3494 9.3510
1544355188075 0.0946 0.1556 9.3422 9.3440
1544355189025 0.1018 0.1580 9.3661 9.3680
1544355190160 0.1125 0.1616 9.3661 9.3682
1544355191106 0.0886 0.1496 9.3733 9.3749
1544355192053 0.0958 0.1556 9.3865 9.3882
1544355193190 0.0994 0.1508 9.3889 9.3906
1544355194135 0.0838 0.1472 9.3829 9.3844
1544355195086 0.0814 0.1401 9.4116 9.4130
1544355196033 0.1018 0.1640 9.3841 9.3861
1544355197170 0.0778 0.1664 9.3817 9.3835
1544355198115 0.0850 0.1736 9.3709 9.3729
1544355199060 0.0934 0.1484 9.3937 9.3953
1544355200006 0.0886 0.1544 9.3960 9.3977
1544355201144 0.0922 0.1628 9.3889 9.3907
1544355202094 0.0838 0.1544 9.3996 9.4013
1544355203044 0.0862 0.1425 9.3853 9.3867
1544355204184 0.0862 0.1568 9.3757 9.3774
1544355205140 0.0718 0.1676 9.4008 9.4026
1544355206080 0.0958 0.1652 9.3972 9.3992
1544355207026 0.0934 0.1664 9.4224 9.4243
1544355208164 0.0910 0.1472 9.3709 9.3725
1544355209111 0.0874 0.1496 9.4008 9.4024
1544355210056 0.0706 0.1520 9.3769 9.3784
1544355211192 0.0922 0.1652 9.3769 9.3788
1544355212138 0.0850 0.1616 9.4176 9.4194
1544355213084 0.0682 0.1496 9.3996 9.4011
1544355214032 0.0862 0.1604 9.3697 9.3715
1544355425051 0.0838 0.1389 9.4188 9.4202
1544356084055 0.0802 0.1616 9.4068 9.4085
1544356085108 0.0694 0.1652 9.3661 9.3678
1544356086055 0.0982 0.1437 9.3805 9.3821
1544356087186 0.0622 0.1580 9.3889 9.3904
1544356088140 0.0886 0.1640 9.4056 9.4075
1544356089084 0.0814 0.1652 9.3577 9.3595
1544356090033 0.1041 0.1508 9.4044 9.4062
1544356091169 0.0790 0.1616 9.3948 9.3966
1544356092115 0.0706 0.1664 9.3697 9.3715
1544356093063 0.0742 0.1616 9.3865 9.3882
1544356094011 0.0850 0.1640 9.3996 9.4015
1544356095144 0.0922 0.1460 9.4008 9.4024
1544356096093 0.0694 0.1592 9.4056 9.4072
1544356097041 0.0766 0.1544 9.4008 9.4024
1544356098177 0.0910 0.1544 9.3889 9.3906
1544356099124 0.0718 0.1437 9.3673 9.3687
1544356100074 0.0958 0.1592 9.3506 9.3524
1544356101021 0.0706 0.1568 9.4080 9.4096
1544356102157 0.0922 0.1616 9.3865 9.3883
1544356103105 0.1041 0.1568 9.3709 9.3728
1544356104053 0.0814 0.1413 9.4080 9.4094
1544356111054 0.0934 0.1425 9.3398 9.3413
1544356112185 0.0958 0.1556 9.4116 9.4134
1544356168056 0.0766 0.1724 9.3733 9.3752
1544356169148 -0.5052 2.7689 9.9012 10.2935
1544356170093 -0.4980 3.0143 8.5341 9.0645
