1544163564274 -3.7134 5.5785 6.2369 9.1547
1544163565033 -2.3355 2.5355 8.0792 8.7839
1544163566172 -0.0790 0.5435 9.9359 9.9511
1544163567119 0.1580 0.3232 9.4176 9.4245
1544163568070 0.1568 0.3280 9.4080 9.4150
1544163569010 0.1712 0.3124 9.3925 9.3992
1544163570163 0.1664 0.3005 9.3948 9.4011
1544163571069 0.1496 0.2969 9.4032 9.4091
1544163572159 0.1640 0.3136 9.4152 9.4218
1544163573078 0.1664 0.3065 9.3518 9.3583
1544163574170 0.1712 0.3124 9.4224 9.4291
1544163575079 0.1652 0.3100 9.4032 9.4098
1544163576171 0.1604 0.3280 9.3984 9.4055
1544163577079 0.1628 0.3136 9.4176 9.4242
1544163578176 0.1879 0.3304 9.4140 9.4217
1544163579081 0.1700 0.3280 9.3972 9.4045
1544163580170 0.1652 0.2981 9.3865 9.3927
1544163581082 0.1472 0.3256 9.4212 9.4280
1544163582169 0.1640 0.3017 9.3518 9.3581
1544163583079 0.1628 0.3077 9.3685 9.3750
1544163584185 0.1604 0.3077 9.4092 9.4156
1544163585103 0.1640 0.3124 9.3877 9.3943
1544163586028 0.1281 0.3172 9.4092 9.4154
1544163587057 0.1772 0.3160 9.3960 9.4030
1544163588093 0.1616 0.3172 9.3745 9.3813
1544163589014 0.1652 0.2909 9.3925 9.3984
1544163597037 0.1652 0.3148 9.4044 9.4111
1544163615072 0.1652 0.3172 9.3721 9.3789
1544163646059 0.1628 0.3196 9.4008 9.4077
1544163764038 0.1628 0.3136 9.3733 9.3800
1544163836058 0.1748 0.3160 9.3972 9.4042
1544163837060 0.1484 0.3328 9.3984 9.4055
1544163839055 0.1568 0.3065 9.3793 9.3856
1544163843048 0.1484 0.3268 9.3937 9.4005
1544163851054 0.1568 0.3136 9.3793 9.3858
1544163867059 0.1592 0.3089 9.3673 9.3738
1544164198110 0.1556 0.3220 9.4020 9.4088
1544164199072 0.1724 0.3077 9.3901 9.3967
1544164200177 0.1736 0.3328 9.3529 9.3605
1544164201101 0.1640 0.3304 9.3637 9.3710
1544164202019 0.1688 0.3232 9.3937 9.4007
1544164203113 0.1640 0.3184 9.3518 9.3586
1544164204044 0.1484 0.3232 9.3841 9.3908
1544164205143 0.1520 0.3160 9.3470 9.3535
1544164206065 0.1700 0.3148 9.3984 9.4052
1544164207171 0.1664 0.3496 9.4164 9.4244
1544164208099 0.1508 0.3160 9.4068 9.4133
1544164209186 0.1688 0.3160 9.4044 9.4112
1544164210107 0.1580 0.3316 9.3817 9.3889
1544164211027 0.1532 0.3280 9.3697 9.3767
1544164212133 0.1688 0.3304 9.4032 9.4105
1544164213048 0.1377 0.3352 9.3769 9.3839
1544164214149 0.1472 0.3077 9.4008 9.4070
1544164215070 0.1688 0.3196 9.3877 9.3946
1544164216178 0.1532 0.3328 9.3470 9.3541
1544164217101 0.1867 0.3256 9.3805 9.3880
1544164218023 0.1676 0.3160 9.3829 9.3897
1544164219124 0.1676 0.3352 9.3805 9.3880
1544164220042 0.1712 0.3148 9.3937 9.4005
1544164221152 0.1808 0.3316 9.4008 9.4084
1544164222069 0.1664 0.3172 9.3829 9.3897
1544164223175 0.1748 0.3412 9.3841 9.3919
1544164224091 0.1496 0.3316 9.3721 9.3792
1544164225012 0.1616 0.3328 9.4008 9.4081
1544164237040 0.1700 0.3352 9.4032 9.4107
1544164238009 0.1688 0.3220 9.3637 9.3708
1544164239116 0.1676 0.3328 9.3697 9.3771
1544164240038 0.1604 0.3232 9.3733 9.3802
1544164241149 0.1748 0.3232 9.3745 9.3817
1544164242066 0.1712 0.3208 9.4092 9.4162
1544164291038 0.1688 0.3328 9.3529 9.3604
1544164337062 0.1844 0.3304 9.4044 9.4120
1544164338064 0.1652 0.3244 9.3805 9.3875
1544164902055 0.1592 0.3280 9.3865 9.3935
1544164903144 0.1676 0.3376 9.4080 9.4156
1544164954058 0.1604 0.3184 9.3781 9.3849
1544164955103 0.1796 0.3519 9.3649 9.3733
1544164956266 0.1712 0.3304 9.3745 9.3819
1544164957115 0.1820 0.3496 9.3829 9.3911
1544164958045 0.1748 0.3292 9.3817 9.3891
1544164959145 0.1484 0.3256 9.4140 9.4208
1544164960065 0.1496 0.3364 9.3996 9.4068
1544164961173 0.1844 0.3352 9.3925 9.4002
1544164962093 0.1796 0.3136 9.3541 9.3611
1544164963014 0.1772 0.3077 9.3757 9.3824
1544165016041 0.1604 0.3424 9.3972 9.4048
1544165021043 0.1532 0.3268 9.3697 9.3767
1544165143058 0.1592 0.3340 9.3853 9.3926
1544165237059 0.1628 0.3292 9.3625 9.3697
1544165238144 0.1520 0.3124 9.3745 9.3809
1544165864068 0.1736 0.3412 9.3709 9.3787
1544165865067 0.1592 0.3364 9.3386 9.3460
1544165866014 0.1760 0.3412 9.4092 9.4170
1544165867156 0.1772 0.3496 9.3841 9.3923
1544165868077 0.1772 0.3292 9.3805 9.3879
1544165869176 0.1664 0.3340 9.3745 9.3819
1544165933044 0.1844 0.3496 9.3613 9.3697
1544165934128 0.1700 0.3484 9.3805 9.3885
1544165935048 0.1616 0.3436 9.3589 9.3666
1544165936153 0.1628 0.3543 9.3601 9.3683
1544165937075 0.1640 0.3759 9.3984 9.4074
1544165938183 0.1688 0.3651 9.3877 9.3963
1544165939101 0.1652 0.3615 9.3637 9.3722
1544165940021 0.1724 0.3519 9.3685 9.3767
1544165941127 0.1676 0.3400 9.3984 9.4061
1544165942046 0.1748 0.3543 9.3553 9.3637
1544165943152 0.1844 0.3364 9.3865 9.3943
1544165944074 0.1616 0.3567 9.3925 9.4006
1544165945177 0.1628 0.3436 9.3625 9.3702
1544165946096 0.1844 0.3436 9.3913 9.3993
1544165947017 0.1748 0.3627 9.3745 9.3831
1544165948122 0.1616 0.3460 9.3745 9.3823
1544165949039 0.1808 0.3496 9.3829 9.3911
1544165950146 0.1652 0.3448 9.3865 9.3943
1544165951069 0.1628 0.3472 9.3913 9.3991
1544165952175 0.1844 0.3448 9.3829 9.3910
1544165953085 0.1724 0.3496 9.3601 9.3682
1544166138057 0.1748 0.3376 9.3937 9.4013
1544166139021 0.1341 0.3496 9.3889 9.3963
1544166343063 0.1389 0.3519 9.3793 9.3869
1544166359058 0.1484 0.3735 9.3757 9.3843
1544166599082 0.1568 0.3687 9.3625 9.3711
1544166759056 0.1604 0.3603 9.3697 9.3780
1544167022085 0.1616 0.3615 9.3745 9.3829
1544167023056 0.1808 0.3268 9.3601 9.3676
1544167024169 0.1448 0.3508 9.3817 9.3894
1544167025100 0.1640 0.3460 9.3541 9.3620
1544167026025 0.1616 0.3591 9.3984 9.4067
1544167027134 0.1592 0.3603 9.3781 9.3864
1544167028061 0.1592 0.3232 9.3913 9.3982
1544167029159 0.1448 0.3424 9.3865 9.3938
1544167030080 0.1784 0.3448 9.3613 9.3694
1544167031186 0.1652 0.3304 9.3865 9.3937
1544167032110 0.1460 0.3364 9.3649 9.3721
1544167033029 0.1604 0.3424 9.3374 9.3450
1544167034125 0.1580 0.3615 9.3972 9.4055
1544167035060 0.1616 0.3484 9.3721 9.3800
1544167036167 0.1700 0.3328 9.3865 9.3939
1544167037088 0.1460 0.3364 9.3745 9.3817
1544167038008 0.1748 0.3508 9.3925 9.4006
1544167039113 0.1688 0.3460 9.3637 9.3716
1544167267055 0.1460 0.3412 9.3637 9.3711
1544167275056 0.1568 0.3292 9.3529 9.3601
1544167662060 0.1688 0.3555 9.4008 9.4091
1544167663157 0.1616 0.3424 9.3805 9.3881
1544167664077 0.1556 0.3352 9.3565 9.3638
1544167665178 0.1437 0.3460 9.3697 9.3772
1544167666105 0.1496 0.3376 9.3805 9.3877
1544167667027 0.1568 0.3711 9.3853 9.3939
1544167668127 0.1628 0.3400 9.3757 9.3833
1544167669055 0.1568 0.3555 9.3721 9.3802
1544167670159 0.1544 0.3376 9.3757 9.3830
1544167671075 0.1652 0.3424 9.4092 9.4169
1544167672184 0.1592 0.3412 9.3865 9.3940
1544167673107 0.1664 0.3531 9.3829 9.3910
1544167674028 0.1568 0.3639 9.3913 9.3996
1544167675131 0.1460 0.3508 9.3757 9.3834
1544167676048 0.1556 0.3567 9.3745 9.3826
1544167677151 0.1640 0.3352 9.3601 9.3676
1544167678076 0.1604 0.3567 9.3781 9.3862
1544167679178 0.1484 0.3519 9.3637 9.3715
1544167680100 0.1640 0.3448 9.3613 9.3691
1544167681023 0.1556 0.3627 9.3853 9.3936
1544167682128 0.1592 0.3711 9.3733 9.3820
1544167800056 0.1616 0.3292 9.3841 9.3912
1544167843044 0.1640 0.3615 9.3709 9.3793
1544167929065 0.1772 0.3400 9.3458 9.3536
1544167930036 0.1556 0.3412 9.3565 9.3641
1544167931028 0.1628 0.3376 9.3769 9.3844
1544167932009 0.1568 0.3639 9.3721 9.3805
1544167933117 0.1520 0.3436 9.3697 9.3772
1544167934041 0.1401 0.3448 9.3673 9.3747
1544167935144 0.1556 0.3484 9.4008 9.4086
1544167936067 0.1712 0.3484 9.3937 9.4017
1544167937010 0.1544 0.3388 9.3948 9.4022
1544167938039 0.1832 0.3436 9.3577 9.3658
1544167939026 0.1748 0.3508 9.3649 9.3731
1544167940144 0.1532 0.3280 9.3901 9.3970
1544167941008 0.1652 0.3615 9.3314 9.3399
1544167942011 0.1413 0.3280 9.3350 9.3418
1544167943007 0.1341 0.3484 9.3553 9.3628
1544167944006 0.1460 0.3484 9.3601 9.3677
1544167945007 0.1448 0.3388 9.3637 9.3710
1544167946006 0.1652 0.3615 9.3601 9.3686
1544167947009 0.1532 0.3304 9.3290 9.3361
1544167948007 0.1652 0.3496 9.3709 9.3789
1544167949021 0.1508 0.3591 9.3458 9.3539
1544167950007 0.1508 0.3364 9.3589 9.3662
1544167951007 0.1736 0.3424 9.3350 9.3429
1544167952009 0.1568 0.3364 9.3541 9.3615
1544167953007 0.1472 0.3400 9.3206 9.3280
1544167954007 0.1688 0.3519 9.3051 9.3132
1544167955007 0.1604 0.3328 9.3374 9.3447
1544167956007 0.1508 0.3268 9.3386 9.3455
1544167957026 0.1664 0.3579 9.3482 9.3565
1544167958007 0.1556 0.3400 9.3182 9.3257
1544167959007 0.1532 0.3400 9.3350 9.3424
1544167960008 0.1472 0.3508 9.3326 9.3403
1544167961014 0.1460 0.3292 9.3494 9.3563
1544167962008 0.1580 0.3472 9.3434 9.3512
1544167963026 0.1472 0.3280 9.3494 9.3563
1544167964006 0.1688 0.3412 9.3721 9.3798
1544167965028 0.1437 0.3448 9.3613 9.3688
1544167966020 0.1425 0.3579 9.3889 9.3968
1544167967023 0.1484 0.3424 9.3506 9.3580
1544167968007 0.1460 0.3567 9.3494 9.3573
1544167969009 0.1532 0.3232 9.3625 9.3694
1544167970066 0.1520 0.3280 9.3637 9.3707
1544167971146 0.1688 0.3508 9.3793 9.3874
1544167972047 0.1592 0.3376 9.3601 9.3676
1544167973125 0.1544 0.3519 9.3721 9.3800
1544167974026 0.1652 0.3603 9.3733 9.3817
1544167975109 0.1389 0.3268 9.3506 9.3573
1544167976005 0.1664 0.3436 9.3829 9.3906
1544167977086 0.1676 0.3352 9.3721 9.3796
1544167978166 0.1652 0.3424 9.3937 9.4013
1544167979066 0.1508 0.3424 9.3793 9.3867
1544167980146 0.1520 0.3232 9.3984 9.4052
1544167981045 0.1532 0.3352 9.3697 9.3770
1544167982126 0.1389 0.3220 9.3529 9.3595
1544167983025 0.1460 0.3448 9.3793 9.3868
1544167984106 0.1448 0.3400 9.3781 9.3854
1544167985010 0.1532 0.3484 9.3996 9.4073
1544168022054 0.1460 0.3328 9.3937 9.4007
1544168027056 0.1688 0.3579 9.3925 9.4008
1544168060057 0.1616 0.3603 9.3697 9.3780
1544168839162 0.1664 0.3783 9.3673 9.3764
1544168840092 0.1640 0.3579 9.3937 9.4019
1544169283055 0.1652 0.3591 9.3565 9.3649
1544169391055 0.1652 0.3651 9.3960 9.4046
1544169392106 0.1425 0.3579 9.3697 9.3776
1544169393023 0.1544 0.3496 9.3948 9.4026
1544169394131 0.1544 0.3376 9.3613 9.3687
1544169395045 0.1664 0.3531 9.3494 9.3575
1544169396160 0.1604 0.3508 9.3984 9.4063
1544169397091 0.1413 0.3364 9.3685 9.3756
1544169398008 0.1592 0.3519 9.3625 9.3705
1544169399115 0.1652 0.3496 9.3817 9.3896
1544169400037 0.1389 0.3316 9.3901 9.3969
1544169401139 0.1616 0.3460 9.3673 9.3751
1544169402055 0.1688 0.3484 9.3937 9.4016
1544169403162 0.1544 0.3508 9.3697 9.3775
1544169404083 0.1556 0.3340 9.3625 9.3698
1544169405186 0.1676 0.3555 9.3649 9.3732
1544169406105 0.1640 0.3340 9.3901 9.3974
1544169407029 0.1640 0.3328 9.3673 9.3747
1544169408130 0.1616 0.3448 9.3937 9.4014
1544169409053 0.1748 0.3376 9.3805 9.3882
1544169410163 0.1604 0.3400 9.3553 9.3629
1544169411086 0.1616 0.3424 9.3769 9.3845
1544169412006 0.1688 0.3519 9.3518 9.3599
1544169739082 0.1508 0.3460 9.3781 9.3857
1544169740046 0.1676 0.3531 9.3553 9.3635
1544170639054 0.1796 0.3448 9.3937 9.4017
1544170640082 0.1820 0.3639 9.3817 9.3905
1544170723053 0.1700 0.3555 9.4020 9.4103
1544170735035 0.1748 0.3543 9.3661 9.3744
1544171069058 0.1604 0.3579 9.3685 9.3767
1544171070130 0.1580 0.3496 9.3697 9.3776
1544171071062 0.1616 0.3448 9.3948 9.4026
1544171072163 0.1676 0.3543 9.3733 9.3815
1544171073090 0.1484 0.3268 9.3565 9.3634
1544171074008 0.1472 0.3340 9.3877 9.3948
1544171075105 0.1604 0.3472 9.3841 9.3919
1544171076033 0.1532 0.3340 9.3625 9.3697
1544171077138 0.1413 0.3400 9.4032 9.4104
1544171078056 0.1652 0.3412 9.3901 9.3977
1544171079163 0.1437 0.3268 9.3613 9.3681
1544171080081 0.1640 0.3615 9.3853 9.3937
1544171081010 0.1532 0.3352 9.3925 9.3997
1544171082116 0.1556 0.3508 9.3446 9.3524
1544171083040 0.1664 0.3603 9.3865 9.3949
1544171084139 0.1520 0.3352 9.3577 9.3650
1544171085073 0.1580 0.3424 9.3601 9.3677
1544171086178 0.1520 0.3328 9.3817 9.3888
1544171087098 0.1508 0.3472 9.4044 9.4120
1544171088023 0.1508 0.3484 9.3817 9.3894
1544171089136 0.1592 0.3376 9.3781 9.3855
1544171090050 0.1496 0.3555 9.3733 9.3812
1544171091155 0.1401 0.3579 9.4056 9.4135
1544171092075 0.1604 0.3579 9.3757 9.3839
1544171093179 0.1496 0.3472 9.4080 9.4156
1544171094101 0.1341 0.3675 9.3709 9.3791
1544171095018 0.1796 0.3304 9.4032 9.4107
1544171096128 0.1796 0.3519 9.3661 9.3744
1544171097041 0.1676 0.3412 9.3589 9.3667
1544171098145 0.1568 0.3424 9.3721 9.3797
1544171099067 0.1748 0.3627 9.3841 9.3927
1544171121041 0.1377 0.3639 9.3721 9.3802
1544171122087 0.1652 0.3603 9.3649 9.3733
1544171123010 0.1700 0.3663 9.3422 9.3509
1544171124113 0.1556 0.3603 9.3913 9.3995
1544171125031 0.1724 0.3496 9.3901 9.3981
1544171126143 0.1652 0.3484 9.3769 9.3848
1544171127070 0.1700 0.3460 9.3757 9.3836
1544171128170 0.1664 0.3543 9.3853 9.3934
1544171129090 0.1748 0.3424 9.3422 9.3501
1544171130009 0.1592 0.3472 9.3649 9.3727
1544171131111 0.1628 0.3519 9.3829 9.3909
1544171132031 0.1532 0.3567 9.3817 9.3897
1544171133138 0.1544 0.3687 9.3649 9.3734
1544171134061 0.1556 0.3531 9.3685 9.3765
1544171135169 0.1604 0.3388 9.4056 9.4131
1544171136087 0.1628 0.3627 9.3709 9.3793
1544171137191 0.1568 0.3543 9.3601 9.3681
1544171138127 0.1676 0.3531 9.3793 9.3874
1544171139036 0.1736 0.3448 9.3529 9.3609
1544171140142 0.1568 0.3352 9.3637 9.3710
1544171141072 0.1628 0.3412 9.3529 9.3606
1544171317074 0.1532 0.3591 9.3314 9.3396
1544171318052 0.1724 0.3615 9.3889 9.3974
1544171540060 0.1808 0.3448 9.3733 9.3814
1544171541157 0.1652 0.3508 9.3637 9.3717
1544172175053 0.1772 0.3496 9.3913 9.3994
1544172440059 0.1437 0.3436 9.3661 9.3735
1544172441146 0.1604 0.3723 9.3769 9.3856
1544172849058 0.1425 0.3496 9.3685 9.3761
1544172850056 0.1508 0.3687 9.4068 9.4152
1544172851160 0.1664 0.3388 9.3817 9.3893
1544172852084 0.1580 0.3723 9.3817 9.3904
1544172853191 0.1580 0.3723 9.3589 9.3677
1544172854110 0.1532 0.3543 9.3625 9.3705
1544172855034 0.1496 0.3519 9.3721 9.3799
1544172856139 0.1520 0.3579 9.3805 9.3885
1544172857059 0.1341 0.3508 9.3601 9.3677
1544172858164 0.1389 0.3388 9.3889 9.3960
1544172859090 0.1496 0.3615 9.3841 9.3922
1544172860013 0.1724 0.3567 9.3960 9.4044
1544172861117 0.1676 0.3579 9.3697 9.3780
1544172862036 0.1664 0.3555 9.3709 9.3791
1544172863140 0.1628 0.3543 9.3901 9.3982
1544172864060 0.1724 0.3531 9.3937 9.4019
1544172865167 0.1628 0.3448 9.3518 9.3595
1544172866083 0.1832 0.3364 9.3434 9.3512
1544172867188 0.1544 0.3591 9.3913 9.3994
1544172868104 0.1808 0.3627 9.3853 9.3940
1544172869027 0.1592 0.3639 9.3673 9.3757
1544173341056 0.1532 0.3484 9.3685 9.3762
1544173342026 0.1472 0.3519 9.3937 9.4014
1544173615054 0.1592 0.3460 9.3972 9.4050
1544173675058 0.1592 0.3460 9.3793 9.3870
1544173676117 0.1556 0.3627 9.3518 9.3601
1544174241054 0.1652 0.3292 9.3637 9.3710
1544174242164 0.1568 0.3268 9.4116 9.4186
1544174577052 0.1508 0.3508 9.3913 9.3990
1544174578098 0.1556 0.3699 9.3745 9.3831
1544174579019 0.1556 0.3579 9.3673 9.3754
1544174580121 0.1592 0.3436 9.4068 9.4144
1544174581040 0.1628 0.3567 9.3757 9.3839
1544174582141 0.1580 0.3388 9.3841 9.3915
1544174583062 0.1640 0.3531 9.3613 9.3694
1544174584162 0.1592 0.3603 9.4008 9.4091
1544174585081 0.1652 0.3400 9.3913 9.3989
1544174586004 0.1448 0.3316 9.3793 9.3863
1544174587114 0.1760 0.3460 9.3901 9.3981
1544174588039 0.1568 0.3591 9.3529 9.3612
1544174589140 0.1676 0.3735 9.4068 9.4157
1544174590075 0.1508 0.3603 9.3972 9.4054
1544174591184 0.1365 0.3328 9.3901 9.3969
1544174592104 0.1508 0.3448 9.3685 9.3761
1544174593019 0.1628 0.3543 9.3865 9.3946
1544174594136 0.1628 0.3651 9.3853 9.3938
1544174595052 0.1712 0.3364 9.3529 9.3606
1544174596160 0.1329 0.3472 9.3553 9.3627
1544174597084 0.1472 0.3519 9.3745 9.3823
1544174598183 0.1712 0.3484 9.3745 9.3825
1544175116058 0.1437 0.3436 9.3470 9.3544
1544175141042 0.1640 0.3412 9.3913 9.3989
1544175142127 0.1377 0.3484 9.3661 9.3736
1544175143048 0.1532 0.3579 9.3506 9.3587
1544176041104 0.1460 0.3364 9.3613 9.3685
1544176042037 0.1772 0.3531 9.3757 9.3840
1544176306124 0.1448 0.3448 9.3757 9.3831
1544176307088 0.1688 0.3268 9.3757 9.3829
1544176308191 0.1341 0.3460 9.3661 9.3735
1544176309111 0.1448 0.3388 9.3601 9.3674
1544176310033 0.1604 0.3519 9.3805 9.3885
1544176311132 0.1688 0.3484 9.3541 9.3622
1544176312058 0.1508 0.3519 9.3709 9.3787
1544176313162 0.1484 0.3460 9.3769 9.3844
1544176314084 0.1867 0.3543 9.4200 9.4285
1544176315007 0.1592 0.3603 9.3913 9.3995
1544176316110 0.1664 0.3531 9.3661 9.3742
1544176317029 0.1568 0.3603 9.3649 9.3732
1544176318132 0.1496 0.3508 9.3661 9.3739
1544176319052 0.1592 0.3519 9.3721 9.3801
1544176320157 0.1736 0.3651 9.3817 9.3904
1544176321080 0.1508 0.3448 9.3673 9.3749
1544176322007 0.1748 0.3472 9.3649 9.3730
1544176323111 0.1616 0.3615 9.3841 9.3924
1544176324030 0.1592 0.3519 9.4008 9.4088
1544176325137 0.1676 0.3603 9.3721 9.3805
1544176326059 0.1532 0.3519 9.3913 9.3991
1544176582054 0.1401 0.3555 9.3913 9.3990
1544176583161 0.1472 0.3567 9.3972 9.4052
1544176941053 0.1401 0.3436 9.3697 9.3771
1544176942157 0.1532 0.3436 9.3960 9.4036
1544177505065 0.1700 0.3615 9.3482 9.3567
1544177506161 0.1472 0.3651 9.3925 9.4007
1544177507085 0.1413 0.3472 9.3972 9.4047
1544177508012 0.1712 0.3496 9.3673 9.3754
1544177509124 0.1760 0.3340 9.3506 9.3582
1544177510041 0.1712 0.3579 9.3577 9.3661
1544177511148 0.1568 0.3531 9.3673 9.3753
1544177512061 0.1401 0.3699 9.3865 9.3948
1544177513172 0.1508 0.3460 9.3972 9.4048
1544177514088 0.1592 0.3723 9.3541 9.3629
1544177515017 0.1580 0.3496 9.3625 9.3704
1544177516115 0.1676 0.3376 9.3458 9.3534
1544177517049 0.1556 0.3484 9.3805 9.3882
1544177518148 0.1616 0.3555 9.3841 9.3922
1544177519081 0.1532 0.3292 9.3541 9.3612
1544177520185 0.1556 0.3472 9.4032 9.4109
1544177521108 0.1508 0.3448 9.3913 9.3988
1544177522024 0.1544 0.3615 9.3841 9.3923
1544177523130 0.1484 0.3328 9.3996 9.4067
1544177524050 0.1748 0.3220 9.3853 9.3924
1544177525153 0.1616 0.3412 9.3649 9.3725
1544177526078 0.1772 0.3531 9.3769 9.3852
1544177527190 0.1604 0.3436 9.3613 9.3690
1544177528111 0.1556 0.3316 9.3757 9.3828
1544177529035 0.1556 0.3627 9.3769 9.3852
1544177530141 0.1508 0.3376 9.3996 9.4069
1544177531060 0.1724 0.3651 9.3733 9.3820
1544177532164 0.1652 0.3627 9.3721 9.3806
1544177533086 0.1544 0.3496 9.3745 9.3823
1544177534014 0.1568 0.3555 9.3889 9.3969
1544177535119 0.1496 0.3579 9.3518 9.3598
1544177536041 0.1568 0.3244 9.3996 9.4065
1544177773055 0.1281 0.3184 9.3925 9.3987
1544177804050 0.1472 0.3328 9.3745 9.3816
1544177841039 0.1544 0.3747 9.3541 9.3629
1544177842018 0.1580 0.3567 9.3697 9.3778
1544177843050 0.1484 0.3472 9.3625 9.3701
1544177870057 0.1604 0.3531 9.3745 9.3825
1544178023054 0.1520 0.3460 9.3745 9.3821
1544178032054 0.1544 0.3543 9.3613 9.3693
1544178033058 0.1736 0.3424 9.3937 9.4015
1544178034162 0.1472 0.3675 9.3541 9.3625
1544178035086 0.1628 0.3448 9.3948 9.4026
1544178036009 0.1544 0.3508 9.3769 9.3847
1544178037115 0.1508 0.3591 9.3793 9.3874
1544178038037 0.1329 0.3508 9.3589 9.3664
1544178039142 0.1544 0.3424 9.3458 9.3533
1544178040061 0.1556 0.3519 9.3901 9.3979
1544178041165 0.1556 0.3400 9.3661 9.3736
1544178042084 0.1688 0.3340 9.3841 9.3915
1544178043187 0.1724 0.3711 9.3673 9.3762
1544178044110 0.1580 0.3364 9.3817 9.3890
1544178045029 0.1652 0.3615 9.3781 9.3865
1544178046128 0.1604 0.3519 9.3793 9.3873
1544178047052 0.1508 0.3364 9.3589 9.3662
1544178048160 0.1401 0.3448 9.3984 9.4058
1544178049072 0.1556 0.3579 9.3601 9.3683
1544178050180 0.1652 0.3531 9.3853 9.3934
1544178051099 0.1508 0.3508 9.3960 9.4038
1544178052018 0.1460 0.3543 9.3793 9.3871
1544178053121 0.1832 0.3400 9.3613 9.3693
1544178054042 0.1640 0.3639 9.3853 9.3938
1544178055151 0.1736 0.3328 9.3889 9.3964
1544178344075 0.1640 0.3519 9.3817 9.3897
1544178345040 0.1508 0.3543 9.3673 9.3752
1544178649115 0.1568 0.3496 9.3470 9.3548
1544178741055 0.1508 0.3508 9.3865 9.3942
1544178742186 0.1616 0.3567 9.4032 9.4114
1544179472059 0.1652 0.3400 9.3434 9.3510
1544179532059 0.1628 0.3531 9.3649 9.3730
1544179641057 0.1580 0.3448 9.3781 9.3858
1544179642138 0.1616 0.3508 9.3733 9.3813
1544179762059 0.1568 0.3412 9.4104 9.4179
1544179763038 0.1604 0.3579 9.3841 9.3923
1544179764142 0.1556 0.3388 9.3733 9.3807
1544179765066 0.1532 0.3388 9.3458 9.3532
1544179766167 0.1628 0.3388 9.3721 9.3796
1544179767086 0.1616 0.3304 9.3733 9.3805
1544179768008 0.1724 0.3400 9.3685 9.3763
1544179769109 0.1580 0.3543 9.3422 9.3502
1544179770036 0.1221 0.3555 9.4080 9.4155
1544179771139 0.1604 0.3424 9.3913 9.3989
1544179772066 0.1616 0.3316 9.3960 9.4033
1544179773167 0.1700 0.3424 9.3925 9.4002
1544179774090 0.1652 0.3567 9.3685 9.3768
1544179775009 0.1365 0.3328 9.3673 9.3742
1544179776113 0.1448 0.3340 9.3745 9.3816
1544179777042 0.1676 0.3508 9.3601 9.3682
1544179778147 0.1688 0.3448 9.3829 9.3907
1544179779066 0.1664 0.3400 9.3386 9.3463
1544179780172 0.1628 0.3460 9.3913 9.3990
1544179781089 0.1532 0.3304 9.3673 9.3744
1544179782009 0.1580 0.3376 9.3518 9.3592
1544179783117 0.1592 0.3555 9.3901 9.3981
1544179784037 0.1496 0.3364 9.3194 9.3267
1544179785136 0.1389 0.3555 9.3948 9.4026
1544179786062 0.1688 0.3508 9.3865 9.3945
1544179787165 0.1532 0.3472 9.3829 9.3905
1544179788088 0.1628 0.3472 9.3745 9.3823
1544179789203 0.1544 0.3496 9.3553 9.3631
1544180541055 0.1676 0.3448 9.3805 9.3883
1544180542108 0.1604 0.3460 9.3709 9.3787
1544181221114 0.1628 0.3747 9.3625 9.3714
1544181241059 0.1437 0.3316 9.3757 9.3827
1544181441054 0.1532 0.3292 9.3757 9.3827
1544181442115 0.1592 0.3496 9.3841 9.3919
1544181497055 0.1508 0.3340 9.3613 9.3685
1544181498007 0.1616 0.3424 9.3913 9.3989
1544181499110 0.1652 0.3328 9.3589 9.3663
1544181500031 0.1652 0.3280 9.3948 9.4020
1544181501135 0.1700 0.3484 9.3853 9.3933
1544181502057 0.1592 0.3496 9.3865 9.3943
1544181503161 0.1772 0.3448 9.3757 9.3837
1544181504084 0.1700 0.3615 9.3913 9.3997
1544181505190 0.1377 0.3484 9.3637 9.3712
1544181506115 0.1772 0.3663 9.3613 9.3702
1544181507037 0.1568 0.3412 9.4092 9.4167
1544181508142 0.1401 0.3615 9.3506 9.3586
1544181509069 0.1867 0.3460 9.3649 9.3732
1544181510174 0.1520 0.3400 9.3829 9.3903
1544181511103 0.1389 0.3424 9.3529 9.3602
1544181512021 0.1520 0.3591 9.3745 9.3826
1544181513129 0.1640 0.3124 9.3661 9.3728
1544181514049 0.1676 0.3496 9.3841 9.3921
1544181515154 0.1341 0.3316 9.3865 9.3933
1544181516082 0.1532 0.3280 9.4044 9.4114
1544181517187 0.1592 0.3472 9.3984 9.4062
1544182342181 0.1556 0.3496 9.3541 9.3620
1544182343110 0.1520 0.3508 9.3793 9.3871
1544182681056 0.1401 0.3627 9.3589 9.3670
1544183225114 0.1437 0.3508 9.3769 9.3845
1544183226041 0.1628 0.3340 9.3697 9.3771
1544183227144 0.1472 0.3472 9.3937 9.4012
1544183228065 0.1664 0.3543 9.3889 9.3970
1544183229162 0.1508 0.3424 9.3793 9.3867
1544183230088 0.1448 0.3484 9.3470 9.3546
1544183231009 0.1544 0.3603 9.3685 9.3767
1544183232110 0.1820 0.3591 9.3865 9.3951
1544183233031 0.1724 0.3436 9.3565 9.3644
1544183234138 0.1592 0.3496 9.3721 9.3800
1544183235058 0.1760 0.3591 9.3601 9.3687
1544183236160 0.1532 0.3448 9.3925 9.4000
1544183237090 0.1616 0.3663 9.3661 9.3747
1544183238010 0.1472 0.3567 9.3685 9.3765
1544183239112 0.1700 0.3675 9.4032 9.4119
1544183240034 0.1784 0.3508 9.3960 9.4043
1544183241148 0.1568 0.3412 9.3541 9.3617
1544183242069 0.1688 0.3519 9.3781 9.3862
1544183243178 0.1425 0.3508 9.3661 9.3738
1544183244101 0.1652 0.3424 9.3685 9.3762
1544183245014 0.1425 0.3555 9.3721 9.3799
1544184122055 0.1628 0.3472 9.3853 9.3931
1544184143054 0.1580 0.3555 9.3972 9.4053
1544184144038 0.1700 0.3448 9.3841 9.3919
1544184954181 0.1724 0.3316 9.3649 9.3724
1544184955103 0.1508 0.3460 9.3697 9.3773
1544184956016 0.1580 0.3519 9.3697 9.3776
1544184957125 0.1592 0.3340 9.3817 9.3890
1544184958049 0.1568 0.3316 9.3889 9.3960
1544184959152 0.1460 0.3340 9.3661 9.3732
1544184960071 0.1724 0.3460 9.3745 9.3825
1544184961174 0.1664 0.3687 9.4020 9.4107
1544184962095 0.1520 0.3579 9.3745 9.3826
1544184963019 0.1676 0.3460 9.3553 9.3632
1544184964123 0.1736 0.3436 9.3889 9.3967
1544184965050 0.1688 0.3292 9.3494 9.3567
1544184966150 0.1784 0.3316 9.3637 9.3713
1544184967072 0.1437 0.3364 9.3913 9.3984
1544184968178 0.1353 0.3388 9.3709 9.3780
1544184969092 0.1604 0.3531 9.3733 9.3813
1544184970011 0.1508 0.3496 9.3769 9.3846
1544184971117 0.1903 0.3508 9.3937 9.4021
1544184972035 0.1556 0.3388 9.3745 9.3819
1544184973139 0.1532 0.3448 9.3733 9.3809
1544184974059 0.1532 0.3496 9.3948 9.4026
1544184975392 0.1472 0.3508 9.3877 9.3954
1544185025053 0.1664 0.3496 9.3913 9.3992
1544185029054 0.1532 0.3460 9.3613 9.3690
1544185043052 0.1640 0.3388 9.3637 9.3713
1544185044036 0.1628 0.3543 9.3769 9.3850
1544185562158 0.1688 0.3292 9.3817 9.3890
1544185563054 0.1604 0.3579 9.3745 9.3827
1544185944055 0.1760 0.3591 9.3565 9.3651
1544185945025 0.1676 0.3699 9.3805 9.3893
1544186682142 0.1628 0.3496 9.3601 9.3681
1544186683072 0.1580 0.3555 9.3829 9.3909
1544186684181 0.1425 0.3508 9.3745 9.3821
1544186685099 0.1616 0.3484 9.3733 9.3812
1544186686010 0.1664 0.3436 9.3733 9.3811
1544186687123 0.1401 0.3424 9.3434 9.3507
1544186688044 0.1556 0.3220 9.4068 9.4136
1544186689150 0.1437 0.3567 9.3697 9.3776
1544186690072 0.1580 0.3424 9.3829 9.3905
1544186691180 0.1568 0.3603 9.3709 9.3791
1544186692101 0.1628 0.3352 9.3745 9.3819
1544186693021 0.1568 0.3484 9.3565 9.3643
1544186694126 0.1652 0.3388 9.3793 9.3869
1544186695045 0.1604 0.3304 9.3613 9.3685
1544186696143 0.1604 0.3400 9.3877 9.3952
1544186697080 0.1520 0.3244 9.3625 9.3694
1544186698182 0.1676 0.3412 9.3913 9.3989
1544186699100 0.1700 0.3340 9.3817 9.3892
1544186700022 0.1496 0.3400 9.3889 9.3962
1544186701129 0.1460 0.3651 9.3817 9.3899
1544186702049 0.1676 0.3448 9.3901 9.3979
1544186703154 0.1592 0.3508 9.3841 9.3920
1544186704073 0.1460 0.3531 9.3865 9.3942
1544186705176 0.1784 0.3424 9.3841 9.3920
1544186706106 0.1688 0.3783 9.3697 9.3789
1544186707018 0.1460 0.3591 9.3769 9.3849
1544186708125 0.1760 0.3340 9.3613 9.3689
1544186709043 0.1628 0.3472 9.3805 9.3883
1544186710152 0.1568 0.3555 9.3709 9.3790
1544186711074 0.1544 0.3567 9.3613 9.3694
1544186712172 0.1760 0.3496 9.3865 9.3946
1544186713096 0.1616 0.3639 9.3649 9.3734
1544186844053 0.1580 0.3448 9.3960 9.4037
1544186845138 0.1820 0.3484 9.3817 9.3899
1544187003054 0.1448 0.3388 9.3793 9.3865
1544187600112 0.1628 0.3627 9.3948 9.4033
1544187744052 0.1460 0.3460 9.3865 9.3940
1544187745097 0.1676 0.3424 9.3996 9.4074
1544188416051 0.1652 0.3783 9.3745 9.3836
1544188417099 0.1448 0.3400 9.3398 9.3471
1544188418019 0.1580 0.3220 9.3553 9.3622
1544188419121 0.1700 0.3472 9.3601 9.3681
1544188420039 0.1628 0.3472 9.3925 9.4003
1544188421143 0.1712 0.3388 9.3733 9.3810
1544188422062 0.1448 0.3472 9.3937 9.4012
1544188423172 0.1556 0.3400 9.3889 9.3963
1544188424091 0.1760 0.3508 9.3733 9.3815
1544188425014 0.1484 0.3603 9.3661 9.3742
1544188426115 0.1712 0.3663 9.3577 9.3665
1544188427035 0.1377 0.3448 9.3745 9.3818
1544188428141 0.1748 0.3460 9.3948 9.4028
1544188429063 0.1772 0.3460 9.3613 9.3694
1544188430164 0.1832 0.3519 9.3613 9.3697
1544188431085 0.1664 0.3412 9.3649 9.3726
1544188432007 0.1377 0.3567 9.3541 9.3620
1544188433108 0.1748 0.3376 9.3745 9.3822
1544188434026 0.1413 0.3424 9.3685 9.3758
1544188435134 0.1496 0.3292 9.3793 9.3863
1544188436053 0.1808 0.3244 9.3721 9.3795
1544188444054 0.1377 0.3292 9.3841 9.3909
1544188644055 0.1676 0.3711 9.3853 9.3941
1544188645116 0.1496 0.3508 9.3925 9.4002
1544189544060 0.1556 0.3400 9.3769 9.3843
1544189545134 0.1484 0.3615 9.3685 9.3767
1544189884054 0.1616 0.3531 9.3793 9.3873
1544189919048 0.1508 0.3543 9.3290 9.3370
1544190145055 0.1520 0.3352 9.3853 9.3925
1544190146112 0.1652 0.3484 9.3709 9.3788
1544190147039 0.1748 0.3579 9.3661 9.3746
1544190148144 0.1652 0.3376 9.3877 9.3952
1544190149071 0.1556 0.3352 9.4044 9.4117
1544190150171 0.1592 0.3280 9.3829 9.3900
1544190151093 0.1496 0.3543 9.3506 9.3585
1544190152013 0.1532 0.3388 9.3805 9.3878
1544190153116 0.1472 0.3496 9.4008 9.4085
1544190154041 0.1628 0.3352 9.3877 9.3951
1544190155144 0.1520 0.3316 9.3721 9.3792
1544190156067 0.1784 0.3424 9.3889 9.3968
1544190157173 0.1664 0.3472 9.3925 9.4003
