1544190158094 0.1508 0.3412 9.3589 9.3664
1544190159016 0.1293 0.3352 9.3470 9.3539
1544190160117 0.1592 0.3424 9.3937 9.4012
1544190161037 0.1688 0.3400 9.3805 9.3882
1544190162143 0.1640 0.3651 9.3506 9.3591
1544190163056 0.1544 0.3508 9.3673 9.3752
1544190164161 0.1532 0.3436 9.3877 9.3952
1544190165091 0.1688 0.3448 9.3972 9.4051
1544190166183 0.1676 0.3555 9.3853 9.3935
1544190167100 0.1604 0.3412 9.3841 9.3916
1544190444053 0.1544 0.3543 9.3901 9.3980
1544190445025 0.1736 0.3484 9.3733 9.3814
1544191344139 0.1712 0.3531 9.3745 9.3827
1544191345066 0.1401 0.3400 9.3661 9.3733
1544191381054 0.1676 0.3496 9.3757 9.3837
1544191382175 0.1580 0.3627 9.3745 9.3828
1544191383098 0.1532 0.3304 9.3972 9.4043
1544191384021 0.1472 0.3328 9.3637 9.3708
1544191385134 0.1508 0.3364 9.3541 9.3614
1544191386054 0.1544 0.3328 9.4164 9.4235
1544191387153 0.1413 0.3436 9.3841 9.3914
1544191388078 0.1592 0.3424 9.3470 9.3546
1544191389011 0.1628 0.3591 9.3877 9.3959
1544191390121 0.1484 0.3735 9.3984 9.4070
1544191391042 0.1688 0.3352 9.3529 9.3605
1544191392161 0.1688 0.3519 9.3769 9.3850
1544191393059 0.1592 0.3543 9.3757 9.3837
1544191394172 0.1736 0.3484 9.3709 9.3790
1544191395095 0.1556 0.3364 9.3613 9.3687
1544191396021 0.1700 0.3555 9.3649 9.3732
1544191397125 0.1472 0.3448 9.3625 9.3700
1544191398046 0.1532 0.3364 9.3925 9.3997
1544191399153 0.1437 0.3496 9.3901 9.3977
1544191400074 0.1616 0.3328 9.3386 9.3459
1544191401182 0.1580 0.3651 9.3901 9.3985
1544191402102 0.1592 0.3316 9.3829 9.3901
1544191403024 0.1580 0.3615 9.3841 9.3924
1544191404133 0.1604 0.3436 9.3553 9.3630
1544191405052 0.1592 0.3376 9.4056 9.4130
1544191406156 0.1640 0.3591 9.3685 9.3768
1544191407068 0.1604 0.3460 9.3853 9.3930
1544191408173 0.1592 0.3519 9.3745 9.3825
1544191409111 0.1652 0.3328 9.3889 9.3962
1544191410033 0.1496 0.3579 9.3972 9.4052
1544191411138 0.1592 0.3412 9.3685 9.3761
1544191412054 0.1520 0.3364 9.3853 9.3925
1544191413395 0.1844 0.3472 9.3865 9.3947
1544191623079 0.1568 0.3352 9.3697 9.3770
1544191876054 0.1604 0.3519 9.3685 9.3765
1544191877118 0.1496 0.3448 9.3948 9.4024
1544191878037 0.1640 0.3484 9.3625 9.3704
1544191879142 0.1496 0.3352 9.3901 9.3972
1544191880065 0.1592 0.3627 9.3565 9.3649
1544191881168 0.1484 0.3256 9.3877 9.3945
1544191882091 0.1676 0.3484 9.3589 9.3669
1544191883012 0.1580 0.3364 9.3625 9.3699
1544191884121 0.1568 0.3519 9.3889 9.3968
1544191885042 0.1568 0.3484 9.3625 9.3703
1544191886154 0.1544 0.3364 9.3697 9.3770
1544191887073 0.1460 0.3615 9.3733 9.3814
1544191888185 0.1580 0.3687 9.3494 9.3580
1544191889106 0.1664 0.3280 9.3745 9.3817
1544191890028 0.1568 0.3388 9.3793 9.3867
1544191891131 0.1580 0.3759 9.3565 9.3654
1544191892055 0.1484 0.3460 9.3901 9.3976
1544191893158 0.1508 0.3543 9.4020 9.4099
1544191894080 0.1556 0.3448 9.4092 9.4168
1544191895184 0.1820 0.3376 9.3865 9.3943
1544191896112 0.1496 0.3340 9.4044 9.4115
1544191897039 0.1532 0.3292 9.3613 9.3684
1544192244072 0.1604 0.3508 9.3745 9.3824
1544192245006 0.1580 0.3352 9.3625 9.3699
1544193128061 0.1556 0.3531 9.3960 9.4040
1544193129084 0.1604 0.3508 9.3446 9.3525
1544193144052 0.1520 0.3424 9.3721 9.3796
1544193145023 0.1377 0.3364 9.3697 9.3768
1544193604053 0.1760 0.3472 9.3877 9.3957
1544193605076 0.1448 0.3400 9.4044 9.4117
1544193606181 0.1688 0.3508 9.3745 9.3826
1544193607106 0.1329 0.3376 9.4032 9.4102
1544193608026 0.1784 0.3496 9.3757 9.3839
1544193609130 0.1544 0.3436 9.3781 9.3856
1544193610048 0.1520 0.3340 9.3589 9.3661
1544193611153 0.1700 0.3687 9.3506 9.3594
1544193612073 0.1736 0.3579 9.3769 9.3853
1544193613177 0.1748 0.3400 9.3649 9.3727
1544193614102 0.1508 0.3603 9.3841 9.3922
1544193615022 0.1772 0.3567 9.4020 9.4105
1544193616130 0.1520 0.3555 9.3673 9.3753
1544193617050 0.1508 0.3472 9.3685 9.3762
1544193618153 0.1616 0.3555 9.4008 9.4089
1544193619074 0.1700 0.3496 9.3877 9.3957
1544193620180 0.1556 0.3412 9.3889 9.3963
1544193621099 0.1604 0.3496 9.3757 9.3836
1544193622018 0.1568 0.3496 9.3601 9.3680
1544193623118 0.1580 0.3543 9.3769 9.3849
1544193624042 0.1652 0.3531 9.3721 9.3802
1544194045065 0.1616 0.3472 9.3565 9.3644
1544194046152 0.1736 0.3508 9.3841 9.3922
1544194569060 0.1712 0.3388 9.3565 9.3642
1544194801058 0.1437 0.3316 9.3841 9.3910
1544194945055 0.1748 0.3424 9.3733 9.3812
1544194946022 0.1556 0.3663 9.3877 9.3961
1544195109055 0.1640 0.3352 9.3960 9.4035
1544195332060 0.1580 0.3340 9.4020 9.4093
1544195333058 0.1496 0.3448 9.3721 9.3796
1544195334164 0.1377 0.3352 9.3577 9.3648
1544195335087 0.1544 0.3232 9.3805 9.3873
1544195336008 0.1472 0.3424 9.3805 9.3879
1544195337115 0.1532 0.3448 9.4355 9.4431
1544195338035 0.1472 0.3424 9.3960 9.4034
1544195339137 0.1628 0.3484 9.3793 9.3872
1544195340058 0.1413 0.3352 9.3721 9.3792
1544195341165 0.1508 0.3412 9.3937 9.4011
1544195342087 0.1508 0.3352 9.3841 9.3913
1544195343006 0.1628 0.3519 9.4020 9.4100
1544195344117 0.1736 0.3424 9.4008 9.4087
1544195345036 0.1401 0.3472 9.3589 9.3664
1544195346141 0.1532 0.3519 9.4080 9.4158
1544195347060 0.1544 0.3496 9.3901 9.3978
1544195348170 0.1496 0.3364 9.3709 9.3781
1544195349092 0.1413 0.3376 9.3577 9.3649
1544195350012 0.1401 0.3555 9.3937 9.4014
1544195351115 0.1556 0.3519 9.3996 9.4075
1544195352034 0.1652 0.3591 9.3685 9.3768
1544195353136 0.1460 0.3639 9.3948 9.4030
1544195354055 0.1580 0.3400 9.3877 9.3951
1544195594060 0.1568 0.3412 9.3745 9.3820
1544195845043 0.1556 0.3591 9.3589 9.3671
1544195846139 0.1341 0.3400 9.3769 9.3840
1544196009053 0.1700 0.3567 9.4008 9.4091
1544196010036 0.1508 0.3496 9.3793 9.3870
1544196141061 0.1568 0.3376 9.3673 9.3747
1544196302058 0.1544 0.3472 9.3458 9.3535
1544196745054 0.1616 0.3436 9.3829 9.3906
1544196746032 0.1568 0.3639 9.3565 9.3649
1544197063055 0.1496 0.3400 9.3721 9.3795
1544197064135 0.1520 0.3484 9.3709 9.3786
1544197065057 0.1700 0.3400 9.3637 9.3714
1544197066158 0.1700 0.3663 9.3889 9.3975
1544197067078 0.1604 0.3496 9.4140 9.4219
1544197068173 0.1556 0.3364 9.3601 9.3675
1544197069100 0.1580 0.3484 9.3817 9.3895
1544197070019 0.1472 0.3412 9.3937 9.4010
1544197071125 0.1676 0.3531 9.3781 9.3862
1544197072063 0.1664 0.3496 9.3757 9.3837
1544197073173 0.1544 0.3376 9.3637 9.3711
1544197074096 0.1700 0.3651 9.3877 9.3963
1544197075017 0.1688 0.3256 9.3637 9.3709
1544197076117 0.1664 0.3436 9.3793 9.3871
1544197077036 0.1700 0.3579 9.3733 9.3817
1544197078137 0.1844 0.3424 9.3901 9.3981
1544197079057 0.1712 0.3711 9.3721 9.3810
1544197080163 0.1472 0.3304 9.3937 9.4006
1544197081079 0.1592 0.3484 9.3781 9.3859
1544197082184 0.1640 0.3424 9.3601 9.3678
1544197083101 0.1437 0.3496 9.3541 9.3618
1544197335069 0.1568 0.3472 9.3637 9.3715
1544197336040 0.0682 0.4166 9.3386 9.3481
1544197450044 0.0778 0.4178 9.3889 9.3985
1544197454057 0.0551 0.4106 9.3685 9.3777
1544197646070 0.0778 0.4046 9.3817 9.3907
1544197647026 0.0766 0.4034 9.3745 9.3835
1544198546131 0.0814 0.4118 9.3541 9.3636
1544198547065 0.0634 0.3711 9.3877 9.3952
1544198791060 0.0575 0.3950 9.3901 9.3985
1544198792162 0.0646 0.3986 9.3948 9.4035
1544198793088 0.0802 0.3998 9.3877 9.3965
1544198794008 0.0670 0.3938 9.3937 9.4021
1544198795114 0.0563 0.3938 9.3877 9.3961
1544198796038 0.0694 0.3926 9.3589 9.3674
1544198797144 0.0587 0.3879 9.3733 9.3815
1544198798063 0.0599 0.3855 9.4152 9.4233
1544198799175 0.0706 0.4010 9.3781 9.3869
1544198800087 0.0575 0.4178 9.3841 9.3935
1544198801006 0.0706 0.4082 9.4152 9.4243
1544198802113 0.0575 0.3891 9.3984 9.4067
1544198803032 0.0611 0.3962 9.3697 9.3783
1544198804136 0.0706 0.4022 9.3925 9.4013
1544198805056 0.0622 0.4154 9.3877 9.3971
1544198806167 0.0622 0.3974 9.3889 9.3975
1544198807082 0.0670 0.4010 9.3829 9.3917
1544198808014 0.0479 0.4082 9.3841 9.3931
1544198809121 0.0539 0.3879 9.3925 9.4006
1544198810038 0.0634 0.4046 9.3781 9.3870
1544198811146 0.0575 0.4070 9.3529 9.3620
1544198895057 0.0886 0.3926 9.4056 9.4142
1544198907055 0.0479 0.4130 9.3529 9.3622
1544199136059 0.0587 0.3986 9.4128 9.4214
1544199137117 0.0970 0.4094 9.3793 9.3887
1544199138054 0.0814 0.4046 9.3829 9.3919
1544199160062 0.0730 0.4082 9.3913 9.4004
1544199447035 0.0994 0.4130 9.3541 9.3638
1544199448115 0.0826 0.4010 9.3901 9.3990
1544200347054 0.0958 0.4094 9.3805 9.3899
1544200348085 0.0742 0.4046 9.3769 9.3859
1544200519059 0.0898 0.4202 9.3685 9.3784
1544200520060 0.0874 0.3962 9.3817 9.3905
1544200521168 0.0982 0.3819 9.3913 9.3995
1544200522087 0.0934 0.3950 9.3960 9.4048
1544200523187 0.0826 0.3903 9.3889 9.3973
1544200524111 0.0970 0.3915 9.3757 9.3844
1544200525031 0.0790 0.3926 9.3925 9.4010
1544200526132 0.1041 0.3938 9.3865 9.3953
1544200527049 0.0886 0.3950 9.3865 9.3952
1544200528155 0.0862 0.3962 9.4008 9.4096
1544200529079 0.0958 0.3867 9.3889 9.3973
1544200530187 0.1030 0.3950 9.4080 9.4169
1544200531107 0.0946 0.3938 9.3901 9.3988
1544200532026 0.0874 0.4034 9.3721 9.3812
1544200533127 0.0814 0.3831 9.3841 9.3922
1544200534048 0.0886 0.3795 9.3757 9.3838
1544200535158 0.1018 0.3986 9.3889 9.3979
1544200536074 0.0922 0.4010 9.3937 9.4027
1544200537177 0.0730 0.3891 9.3984 9.4068
1544200538099 0.1006 0.3723 9.3769 9.3848
1544200539019 0.0946 0.3867 9.3901 9.3985
1544200540121 0.0958 0.4082 9.3925 9.4018
1544201247113 0.0730 0.3807 9.3948 9.4028
1544201248036 0.0910 0.3867 9.3913 9.3997
1544201787159 0.0970 0.3663 9.3793 9.3869
1544201788085 0.0862 0.3807 9.3805 9.3886
1544201789004 0.1125 0.3699 9.3913 9.3992
1544202147086 0.1101 0.3651 9.3757 9.3834
1544202148012 0.1245 0.3735 9.3565 9.3648
1544202248047 0.1089 0.3855 9.3865 9.3950
1544202249125 0.1365 0.3747 9.3996 9.4081
1544202250045 0.1484 0.3567 9.3661 9.3741
1544202251149 0.1377 0.3675 9.3996 9.4078
1544202252068 0.1293 0.3807 9.3841 9.3927
1544202253175 0.1341 0.3771 9.3901 9.3986
1544202254092 0.1281 0.3831 9.3948 9.4035
1544202255011 0.1341 0.3579 9.4092 9.4170
1544202256119 0.1365 0.3735 9.4188 9.4272
1544202257038 0.1245 0.3687 9.3853 9.3933
1544202258145 0.1221 0.3555 9.3913 9.3988
1544202259069 0.1353 0.3735 9.3901 9.3985
1544202260170 0.1221 0.3555 9.4104 9.4179
1544202261094 0.1341 0.3663 9.3829 9.3910
1544202262016 0.1209 0.3699 9.3841 9.3921
1544202263117 0.1520 0.3519 9.3781 9.3859
1544202264034 0.1520 0.3627 9.4044 9.4126
1544202265141 0.1209 0.3460 9.3805 9.3876
1544202266062 0.1413 0.3555 9.3877 9.3955
1544202267176 0.1652 0.3735 9.3757 9.3846
1544202268091 0.1437 0.3627 9.3829 9.3910
1544203048103 0.1149 0.3555 9.3721 9.3795
1544203049035 0.1137 0.3711 9.3793 9.3873
1544203229058 0.1125 0.3663 9.3925 9.4003
1544203230053 0.1245 0.3615 9.3901 9.3978
1544203949134 0.1173 0.3639 9.3865 9.3943
1544203950056 0.1173 0.3735 9.3984 9.4066
1544203976053 0.1149 0.3567 9.3721 9.3796
1544203977124 0.1089 0.3699 9.3865 9.3944
1544203978048 0.1269 0.3543 9.3673 9.3749
1544203979157 0.1317 0.3938 9.3865 9.3956
1544203980079 0.1245 0.3663 9.3673 9.3753
1544203981192 0.1185 0.3519 9.3745 9.3818
1544203982112 0.1161 0.3663 9.3937 9.4015
1544203983051 0.1149 0.3615 9.3709 9.3786
1544203984150 0.1173 0.3675 9.3996 9.4075
1544203985070 0.1269 0.3603 9.3781 9.3859
1544203986179 0.1125 0.3687 9.4044 9.4123
1544203987101 0.1137 0.3807 9.3901 9.3985
1544203988020 0.1293 0.3639 9.4020 9.4100
1544203989128 0.1353 0.3831 9.3793 9.3881
1544203990049 0.1197 0.3651 9.3984 9.4063
1544203991156 0.1197 0.3699 9.3960 9.4041
1544203992076 0.1197 0.3639 9.3984 9.4062
1544203993181 0.1341 0.3711 9.3877 9.3960
1544203994106 0.1209 0.3759 9.3637 9.3720
1544203995027 0.1197 0.3567 9.3901 9.3976
1544203996132 0.1125 0.3950 9.3937 9.4026
1544203997051 0.1221 0.3460 9.3841 9.3912
1544204014054 0.1245 0.3543 9.3984 9.4059
1544204018053 0.1077 0.3687 9.3817 9.3895
1544204671074 0.1257 0.3603 9.4032 9.4110
1544204672044 0.1293 0.3867 9.4164 9.4252
1544204850068 0.1353 0.3651 9.3805 9.3886
1544204851029 0.1209 0.3627 9.3673 9.3751
1544205704058 0.1221 0.3687 9.3960 9.4041
1544205705179 0.1065 0.3699 9.3565 9.3645
1544205706097 0.1161 0.3603 9.3984 9.4061
1544205707017 0.1209 0.3615 9.3817 9.3894
1544205708119 0.0898 0.3591 9.4104 9.4177
1544205709047 0.1077 0.3543 9.3817 9.3890
1544205710151 0.1149 0.3699 9.3757 9.3837
1544205711075 0.1101 0.3519 9.3709 9.3782
1544205712179 0.1305 0.3711 9.3577 9.3660
1544205713098 0.1245 0.3496 9.3793 9.3866
1544205714018 0.0922 0.3699 9.3577 9.3655
1544205715126 0.1089 0.3591 9.3901 9.3976
1544205716047 0.1137 0.3567 9.4044 9.4119
1544205717148 0.1161 0.3699 9.3470 9.3550
1544205718072 0.1053 0.3938 9.3601 9.3690
1544205719177 0.1281 0.3783 9.3913 9.3997
1544205720101 0.1030 0.3496 9.4128 9.4199
1544205721018 0.1053 0.3783 9.3541 9.3624
1544205722122 0.1030 0.3663 9.3829 9.3906
1544205723047 0.1245 0.3663 9.4296 9.4375
1544205724147 0.1197 0.3675 9.3960 9.4040
1544205725071 0.1065 0.3711 9.3685 9.3765
1544205750054 0.1161 0.3424 9.3601 9.3671
1544205751042 0.1053 0.3723 9.3721 9.3801
1544206112076 0.1006 0.3783 9.3877 9.3958
1544206121044 0.1137 0.3579 9.3661 9.3736
1544206651077 0.1149 0.3627 9.3960 9.4037
1544206652175 0.1125 0.3519 9.3865 9.3937
1544207433179 0.1161 0.3400 9.3673 9.3742
1544207434098 0.1377 0.3663 9.3278 9.3360
1544207435019 0.1077 0.3759 9.3506 9.3587
1544207436129 0.1185 0.3663 9.4296 9.4374
1544207437062 0.1137 0.3950 9.3948 9.4038
1544207438166 0.1185 0.3519 9.3577 9.3651
1544207439089 0.1185 0.3615 9.3793 9.3870
1544207440013 0.1580 0.3460 9.3925 9.4002
1544207441118 0.1281 0.3723 9.3733 9.3816
1544207442046 0.1161 0.3615 9.3613 9.3690
1544207443153 0.1197 0.3448 9.3937 9.4007
1544207444073 0.1161 0.3819 9.3733 9.3818
1544207445184 0.1221 0.3615 9.3817 9.3894
1544207446113 0.1233 0.3579 9.3972 9.4049
1544207447032 0.1293 0.3663 9.4200 9.4280
1544207448143 0.1257 0.3519 9.3709 9.3784
1544207449075 0.1329 0.3603 9.4008 9.4087
1544207450179 0.1173 0.3615 9.3925 9.4001
1544207451100 0.1209 0.3567 9.3877 9.3952
1544207452018 0.1293 0.3807 9.4020 9.4106
1544207453127 0.0922 0.3639 9.3913 9.3988
1544207552055 0.1113 0.3699 9.3697 9.3777
1544207553139 0.1185 0.3567 9.3829 9.3904
1544207561052 0.1257 0.3627 9.3793 9.3871
1544207579060 0.1221 0.3555 9.3805 9.3880
1544208452143 0.0910 0.3675 9.3865 9.3941
1544208453080 0.1185 0.3843 9.3781 9.3867
1544209019053 0.1125 0.3711 9.3877 9.3957
1544209161042 0.0994 0.3735 9.3889 9.3968
1544209162013 0.1281 0.3699 9.3529 9.3611
1544209163118 0.1089 0.3555 9.3769 9.3843
1544209164037 0.1209 0.3508 9.3877 9.3950
1544209165146 0.1065 0.3519 9.3697 9.3769
1544209166068 0.1173 0.3615 9.3745 9.3822
1544209167179 0.1353 0.3687 9.3984 9.4066
1544209168101 0.1137 0.3627 9.3925 9.4001
1544209169023 0.1197 0.3651 9.4008 9.4087
1544209170129 0.1233 0.3795 9.3901 9.3985
1544209171057 0.1245 0.3723 9.4188 9.4270
1544209172159 0.1065 0.3747 9.3757 9.3838
1544209173077 0.1233 0.3687 9.3865 9.3945
1544209174183 0.1221 0.3962 9.3697 9.3789
1544209175102 0.1006 0.3699 9.3781 9.3859
1544209176028 0.1101 0.3795 9.3937 9.4020
1544209177133 0.1233 0.3735 9.3637 9.3720
1544209178050 0.1185 0.3711 9.4008 9.4089
1544209179153 0.1209 0.3687 9.3996 9.4076
1544209180081 0.1161 0.3508 9.3721 9.3794
1544209181177 0.1137 0.3615 9.3673 9.3750
1544209182104 0.1125 0.3723 9.3709 9.3790
1544209233054 0.1053 0.3627 9.3960 9.4036
1544209352056 0.1018 0.3663 9.3422 9.3499
1544209353071 0.1173 0.3807 9.3589 9.3674
1544210252061 0.1221 0.3807 9.3865 9.3950
1544210253176 0.1173 0.3687 9.4092 9.4172
1544210459046 0.0994 0.3747 9.3721 9.3801
1544210460104 0.1305 0.3795 9.3745 9.3831
1544210472056 0.1161 0.3472 9.3757 9.3828
1544210661058 0.1030 0.3567 9.3984 9.4058
1544210890061 0.1185 0.3328 9.3697 9.3764
1544210891034 0.0970 0.3639 9.3865 9.3940
1544210892138 0.0958 0.3579 9.3637 9.3711
1544210893068 0.0946 0.3723 9.3913 9.3991
1544210894161 0.0994 0.3472 9.3865 9.3934
1544210895081 0.1221 0.3723 9.3745 9.3827
1544210896188 0.1006 0.3591 9.3613 9.3688
1544210897109 0.1137 0.3543 9.3829 9.3903
1544210898023 0.1113 0.3831 9.3817 9.3902
1544210899130 0.1101 0.3663 9.3841 9.3919
1544210900052 0.0958 0.3472 9.3984 9.4053
1544210901166 0.0982 0.3496 9.3697 9.3767
1544210902083 0.0970 0.3567 9.4020 9.4093
1544210903006 0.1113 0.3819 9.3685 9.3770
1544210904110 0.0970 0.3364 9.3937 9.4002
1544210905038 0.1365 0.3615 9.3793 9.3872
1544210906153 0.0814 0.3711 9.3685 9.3762
1544210907068 0.1137 0.3627 9.3937 9.4013
1544210908172 0.1053 0.3531 9.3625 9.3698
1544210909091 0.0994 0.3663 9.3984 9.4061
1544210910009 0.0874 0.3579 9.3757 9.3829
1544210967038 0.1065 0.3699 9.3805 9.3884
1544210972053 0.1030 0.3543 9.3709 9.3782
1544211153044 0.1125 0.3926 9.3793 9.3882
1544211154116 0.1293 0.3591 9.4032 9.4110
1544211912054 0.1137 0.3747 9.3769 9.3851
1544212053058 0.3998 0.3759 9.3853 9.4013
1544212054165 0.3974 0.3292 9.4080 9.4222
1544212540043 0.0874 0.4920 9.3709 9.3842
1544212541152 0.0838 0.4896 9.3925 9.4056
1544212542072 0.1030 0.4932 9.3793 9.3928
1544212543177 0.0994 0.4669 9.3529 9.3651
1544212544103 0.1125 0.4812 9.3709 9.3839
1544212545027 0.1077 0.4657 9.3697 9.3819
1544212546138 0.0946 0.4717 9.3757 9.3880
1544212547061 0.1006 0.4501 9.3769 9.3882
1544212548173 0.0886 0.4669 9.3673 9.3794
1544212549091 0.0934 0.4992 9.3745 9.3882
1544212550012 0.1006 0.4800 9.3386 9.3515
1544212551120 0.1089 0.4956 9.3625 9.3763
1544212552047 0.0910 0.4824 9.3960 9.4089
1544212553154 0.0982 0.4872 9.3913 9.4044
1544212554085 0.1065 0.4968 9.3565 9.3703
1544212555007 0.0910 0.4752 9.3649 9.3774
1544212556114 0.0766 0.4681 9.3972 9.4092
1544212557043 0.0898 0.4980 9.4020 9.4156
1544212558152 0.1077 0.4633 9.3733 9.3854
1544212559083 0.0742 0.4705 9.3793 9.3914
1544212560180 0.1113 0.5052 9.3709 9.3852
1544212561099 0.1077 0.4764 9.3769 9.3896
1544212562025 0.0862 0.4752 9.3889 9.4013
1544212563132 0.0898 0.4788 9.3889 9.4015
1544212564051 0.1041 0.4776 9.3577 9.3705
1544212565152 0.0922 0.4776 9.4032 9.4158
1544212566074 0.0982 0.4992 9.4008 9.4146
1544212567174 0.0874 0.4956 9.3853 9.3988
1544212568094 0.1030 0.4884 9.3865 9.3997
1544212569012 0.0994 0.4824 9.3817 9.3946
1544212570120 0.1389 0.4729 9.3745 9.3874
1544212571032 0.1125 0.4848 9.3685 9.3817
1544212618057 0.1137 0.4657 9.3817 9.3939
1544212619097 0.1041 0.4848 9.3637 9.3768
1544212620017 0.0718 0.4741 9.3841 9.3963
1544212621119 0.0874 0.4932 9.4032 9.4166
1544212622039 0.1149 0.4681 9.3781 9.3905
1544212623141 0.1030 0.4812 9.3721 9.3850
1544212624063 0.1018 0.4860 9.3865 9.3996
1544212625168 0.0922 0.4705 9.3637 9.3760
1544212626091 0.0862 0.4920 9.3709 9.3842
1544212627013 0.0862 0.4848 9.3673 9.3802
1544212628113 0.0970 0.4729 9.3218 9.3343
1544212629033 0.1030 0.4752 9.3769 9.3895
1544212630139 0.1041 0.4788 9.3877 9.4004
1544212631058 0.0898 0.4848 9.3817 9.3946
1544212632160 0.0946 0.4848 9.3577 9.3708
1544212633083 0.1053 0.4908 9.3793 9.3927
1544212634183 0.0898 0.4884 9.3972 9.4104
1544212635118 0.0934 0.4920 9.3637 9.3771
1544212636030 0.0910 0.4872 9.3805 9.3936
1544212637137 0.0970 0.4764 9.4044 9.4170
1544212638056 0.1053 0.4669 9.3793 9.3915
1544212639164 0.1101 0.4729 9.3793 9.3918
1544212784049 0.1065 0.4932 9.3721 9.3857
1544212785082 0.0838 0.4812 9.3637 9.3765
1544212786054 0.0850 0.4980 9.3494 9.3630
1544212953063 0.0982 0.4848 9.3721 9.3851
1544212954184 0.0934 0.4836 9.4128 9.4257
1544213352115 0.0910 0.4860 9.3781 9.3911
1544213853054 0.0958 0.3567 9.4008 9.4081
1544213854071 0.0898 0.3651 9.3781 9.3856
1544214346124 0.0778 0.3783 9.3877 9.3956
1544214347053 0.0766 0.3663 9.3793 9.3867
1544214348159 0.1065 0.3627 9.3853 9.3929
1544214349085 0.0766 0.3711 9.3877 9.3953
1544214350189 0.0982 0.3771 9.3937 9.4017
1544214351111 0.1018 0.3723 9.3841 9.3920
1544214352029 0.1077 0.3807 9.3960 9.4044
1544214353131 0.0982 0.3843 9.4056 9.4140
1544214354049 0.0766 0.3926 9.3625 9.3711
1544214355157 0.1233 0.3675 9.3865 9.3945
1544214356079 0.1006 0.3639 9.3745 9.3821
1544214357178 0.1053 0.3735 9.4128 9.4208
1544214358101 0.1077 0.3819 9.3661 9.3745
1544214359023 0.0778 0.3771 9.3673 9.3752
1544214360131 0.0886 0.3508 9.3541 9.3611
1544214361050 0.1041 0.3843 9.4020 9.4105
1544214362156 0.1065 0.3627 9.3901 9.3977
1544214363076 0.0886 0.3723 9.3865 9.3943
1544214364180 0.1030 0.3711 9.3972 9.4051
1544214365100 0.1053 0.3843 9.3841 9.3925
1544214366021 0.0826 0.3795 9.3948 9.4029
1544214367141 0.0670 0.3807 9.3661 9.3741
1544214753055 0.0910 0.3783 9.3745 9.3826
1544214754146 0.1030 0.3699 9.3601 9.3680
1544214792053 0.0982 0.3603 9.3793 9.3867
1544214793060 0.1006 0.3567 9.3865 9.3938
1544215654147 0.1077 0.3759 9.3877 9.3958
1544215655072 0.1018 0.3687 9.3889 9.3966
1544216075056 0.1006 0.3759 9.3733 9.3814
1544216076163 0.1293 0.3711 9.3709 9.3791
1544216077086 0.1030 0.3783 9.3733 9.3815
1544216078009 0.0958 0.3591 9.3901 9.3974
1544216079110 0.0982 0.3795 9.3817 9.3899
1544216080030 0.0910 0.3699 9.3889 9.3966
1544216081134 0.0910 0.3508 9.3625 9.3695
1544216082054 0.1149 0.3771 9.3781 9.3864
1544216083160 0.1030 0.3831 9.3649 9.3733
1544216084078 0.1149 0.3579 9.3853 9.3928
1544216085181 0.0886 0.3831 9.3661 9.3744
1544216086103 0.1018 0.3591 9.3793 9.3867
1544216087021 0.1030 0.3747 9.3685 9.3766
1544216088123 0.1006 0.3843 9.3865 9.3949
1544216089043 0.1077 0.3926 9.4080 9.4168
1544216090145 0.1030 0.3651 9.3913 9.3989
1544216091068 0.1053 0.3627 9.3757 9.3833
1544216092174 0.1065 0.3591 9.3721 9.3796
1544216093093 0.0778 0.3879 9.3948 9.4032
1544216094016 0.1089 0.3819 9.3613 9.3697
1544216095128 0.1018 0.3795 9.3972 9.4055
1544216233061 0.1089 0.3747 9.3877 9.3958
1544216240052 0.1101 0.3711 9.3913 9.3992
1544216401052 0.1125 0.3759 9.3841 9.3923
1544216554038 0.1149 0.3531 9.3877 9.3950
1544216555104 0.1030 0.3843 9.3817 9.3901
1544217454054 0.1065 0.3627 9.3673 9.3749
1544217455160 0.0778 0.3496 9.3853 9.3921
1544217680053 0.0706 0.3831 9.3817 9.3898
1544217692053 0.1101 0.3531 9.3757 9.3830
1544217804062 0.0802 0.3496 9.3553 9.3622
1544217805040 0.0982 0.3675 9.3565 9.3643
1544217806141 0.0994 0.3519 9.3757 9.3828
1544217807063 0.0622 0.3424 9.3829 9.3893
1544217808170 0.1030 0.3519 9.3601 9.3673
1544217809089 0.1077 0.3531 9.3948 9.4021
1544217810006 0.1041 0.3531 9.3889 9.3961
1544217811111 0.0970 0.3663 9.3996 9.4073
1544217812030 0.0790 0.3639 9.3877 9.3950
1544217813133 0.0994 0.3603 9.3805 9.3879
1544217814055 0.0862 0.3603 9.3745 9.3818
1544217815155 0.1018 0.3531 9.3661 9.3733
1544217816075 0.0766 0.3699 9.3913 9.3989
1544217817181 0.0946 0.3424 9.3685 9.3752
1544217818101 0.0826 0.3496 9.3386 9.3455
1544217819024 0.0754 0.3663 9.3673 9.3748
1544217820126 0.0718 0.3639 9.3709 9.3782
1544217821047 0.0754 0.3531 9.3829 9.3898
1544217822150 0.0946 0.3603 9.3829 9.3903
1544217823076 0.0922 0.3424 9.3721 9.3788
1544217824182 0.0778 0.3579 9.4032 9.4104
1544218354064 0.0886 0.3496 9.3877 9.3946
1544218355164 0.0994 0.3591 9.3757 9.3831
1544219132054 0.1257 0.3603 9.3577 9.3655
1544219255070 0.1006 0.3496 9.3577 9.3648
1544219256024 0.1030 0.3448 9.3757 9.3826
1544219532074 0.1101 0.3783 9.4044 9.4127
1544219533006 0.1065 0.3627 9.3601 9.3678
1544219534113 0.0886 0.3675 9.4152 9.4228
1544219535030 0.0898 0.3519 9.3877 9.3947
1544219536133 0.1065 0.3472 9.3494 9.3564
1544219537054 0.1149 0.3759 9.3709 9.3791
1544219538159 0.1077 0.3603 9.3733 9.3808
1544219539080 0.1089 0.3555 9.3721 9.3795
1544219540186 0.0934 0.3747 9.3733 9.3813
1544219541105 0.1065 0.3496 9.3901 9.3972
1544219542029 0.1018 0.3723 9.3877 9.3956
1544219543136 0.1030 0.3627 9.3913 9.3988
1544219544060 0.0994 0.3603 9.3841 9.3915
1544219545163 0.1018 0.3783 9.4032 9.4114
1544219546082 0.1185 0.3687 9.3434 9.3514
1544219547187 0.1018 0.3711 9.3697 9.3776
1544219548107 0.0970 0.3484 9.3589 9.3659
1544219549026 0.0970 0.3831 9.3865 9.3948
1544219550131 0.1018 0.3771 9.3661 9.3743
1544219551049 0.0958 0.3795 9.3781 9.3863
1544219552151 0.0886 0.3651 9.3613 9.3689
1544219553075 0.0970 0.3663 9.3745 9.3822
1544219554179 0.0958 0.3627 9.3518 9.3593
1544219555101 0.0922 0.3759 9.3841 9.3921
1544219556036 0.1089 0.3675 9.3937 9.4015
1544220001152 0.1089 0.3651 9.3948 9.4026
1544220155054 0.1006 0.3723 9.3805 9.3884
1544220156173 0.0886 0.3400 9.3841 9.3906
1544220572128 0.0934 0.3867 9.3709 9.3793
1544220574054 0.1030 0.3567 9.3889 9.3962
1544221056126 0.1185 0.3651 9.3601 9.3680
1544221057043 0.0910 0.3651 9.3948 9.4024
1544221260066 0.0946 0.3567 9.3745 9.3818
1544221261013 0.1077 0.3531 9.3565 9.3638
1544221262132 0.1173 0.3711 9.3685 9.3766
1544221263058 0.1077 0.3675 9.4176 9.4254
1544221264160 0.1221 0.3627 9.3841 9.3919
1544221265080 0.1197 0.3771 9.3757 9.3840
1544221266195 0.1149 0.3543 9.3745 9.3819
1544221267102 0.1149 0.3783 9.4080 9.4163
1544221268022 0.1257 0.3891 9.3709 9.3798
1544221269123 0.1053 0.3603 9.3482 9.3557
1544221270043 0.1137 0.3747 9.4080 9.4162
1544221271145 0.1149 0.3663 9.3937 9.4015
1544221272064 0.1113 0.3555 9.3769 9.3843
1544221273176 0.1305 0.3663 9.3709 9.3790
1544221274091 0.1245 0.3699 9.4188 9.4269
1544221275015 0.1185 0.3735 9.3817 9.3899
1544221276109 0.1185 0.3508 9.3805 9.3878
1544221277036 0.1113 0.3903 9.3996 9.4084
1544221278146 0.1209 0.3472 9.3613 9.3685
1544221279065 0.1209 0.3484 9.3613 9.3686
1544221280176 0.1245 0.3675 9.3960 9.4041
1544221281092 0.1173 0.3591 9.3984 9.4060
1544221740127 0.1077 0.3831 9.3757 9.3841
1544221741056 0.1018 0.3723 9.3901 9.3980
1544221742155 0.1006 0.3795 9.3913 9.3995
1544221957045 0.1149 0.3711 9.3853 9.3933
1544221958061 0.1161 0.3496 9.3793 9.3865
1544222014054 0.1077 0.3591 9.3925 9.3999
1544222022044 0.1101 0.3723 9.3865 9.3945
1544222858196 0.1281 0.3663 9.3745 9.3825
1544222859113 0.1053 0.3783 9.3853 9.3935
1544222989054 0.1317 0.3579 9.3996 9.4074
1544222990091 0.1317 0.3795 9.3733 9.3819
1544222991013 0.1377 0.3675 9.3901 9.3983
1544222992118 0.1556 0.3879 9.3853 9.3946
1544222993043 0.1221 0.3783 9.3960 9.4044
1544222994146 0.1018 0.3519 9.3853 9.3924
1544222995064 0.1389 0.3579 9.3925 9.4003
1544222996172 0.1437 0.3938 9.3553 9.3647
1544222997091 0.1257 0.3496 9.3673 9.3747
1544222998009 0.1269 0.3639 9.3841 9.3920
1544222999114 0.1257 0.3603 9.3805 9.3882
1544223000036 0.1317 0.3747 9.3577 9.3662
1544223001143 0.1448 0.3711 9.3458 9.3543
1544223002064 0.1317 0.3687 9.3769 9.3851
1544223003172 0.1197 0.3591 9.3434 9.3510
1544223004094 0.1317 0.3651 9.3685 9.3765
1544223005014 0.1413 0.3723 9.3769 9.3853
1544223006116 0.1353 0.3711 9.3781 9.3864
1544223007034 0.1329 0.3639 9.3685 9.3765
1544223008136 0.1580 0.3591 9.3613 9.3695
1544223009060 0.1245 0.3603 9.3984 9.4062
1544223462059 0.1209 0.3675 9.3853 9.3932
1544223759085 0.1472 0.3603 9.3913 9.3993
1544223760061 0.1185 0.3627 9.3685 9.3763
1544224659060 0.1963 0.4034 9.3733 9.3840
1544224660149 0.1856 0.3795 9.3733 9.3828
1544224717054 0.2035 0.3974 9.3757 9.3863
1544224718052 0.1975 0.4034 9.4068 9.4175
1544224719158 0.1987 0.3938 9.3865 9.3968
1544224720076 0.1903 0.3962 9.4008 9.4111
1544224721184 0.1867 0.4142 9.3996 9.4106
1544224722103 0.2011 0.3891 9.3553 9.3656
1544224723024 0.1975 0.4178 9.3697 9.3811
1544224724127 0.1915 0.3915 9.3565 9.3667
1544224725047 0.1891 0.3711 9.4020 9.4113
1544224726157 0.1951 0.4058 9.3853 9.3961
1544224727076 0.1975 0.3879 9.3925 9.4025
1544224728178 0.1688 0.3962 9.3649 9.3748
1544224729098 0.1939 0.3950 9.3984 9.4087
1544224730012 0.2011 0.3938 9.3853 9.3957
1544224731118 0.1844 0.4070 9.3865 9.3971
1544224732042 0.1808 0.3831 9.3984 9.4080
1544224733147 0.1915 0.4034 9.3661 9.3768
1544224734066 0.2107 0.3950 9.3960 9.4067
1544224735167 0.1915 0.3950 9.3793 9.3896
1544224736088 0.2071 0.3771 9.3960 9.4059
1544224737008 0.1784 0.4046 9.3721 9.3825
1544224903054 0.1939 0.3879 9.4176 9.4276
1544225560140 0.2083 0.3603 9.4092 9.4184
1544225561065 0.2083 0.3567 9.3877 9.3967
1544226343059 0.3579 0.3723 9.3757 9.3899
1544226350039 0.3328 0.3424 9.3613 9.3735
1544226445055 0.3424 0.3603 9.3673 9.3805
1544226446145 0.3364 0.3543 9.3925 9.4052
1544226447074 0.3388 0.3436 9.4188 9.4311
1544226448182 0.3304 0.3424 9.3972 9.4093
1544226449102 0.3352 0.3579 9.3829 9.3957
1544226450016 0.3328 0.3448 9.3589 9.3712
1544226451131 0.3543 0.3519 9.4236 9.4368
1544226452048 0.3508 0.3460 9.3577 9.3707
1544226453157 0.3304 0.3555 9.4188 9.4313
1544226454082 0.3412 0.3460 9.3709 9.3835
1544226455180 0.3579 0.3735 9.3733 9.3876
1544226456101 0.3531 0.3519 9.3996 9.4128
1544226457018 0.3400 0.3436 9.3757 9.3881
1544226458122 0.3352 0.3400 9.3853 9.3974
1544226459044 0.3627 0.3316 9.3793 9.3922
1544226460140 0.3508 0.3603 9.3769 9.3904
1544226461068 0.3519 0.3627 9.3721 9.3857
1544226462182 0.3472 0.3484 9.3757 9.3886
1544226463089 0.3519 0.3352 9.3781 9.3907
1544226464019 0.3352 0.3388 9.3805 9.3926
1544226465126 0.3484 0.3352 9.3709 9.3834
1544226466054 0.3603 0.3567 9.3805 9.3942
1544227360056 0.4250 0.3340 9.3721 9.3877
1544227361055 0.4597 0.3172 9.3577 9.3744
1544227790117 0.4106 0.3220 9.3087 9.3233
1544228174065 0.3340 0.3208 9.3709 9.3823
1544228175146 0.3184 0.3184 9.4104 9.4212
1544228176064 0.3531 0.3100 9.3733 9.3851
1544228177168 0.3603 0.3160 9.3661 9.3784
1544228178079 0.3460 0.3148 9.3829 9.3945
1544228179008 0.3508 0.3029 9.3661 9.3776
1544228180111 0.3555 0.2969 9.3829 9.3943
1544228181033 0.3591 0.3148 9.3709 9.3831
1544228182136 0.3484 0.2981 9.3865 9.3977
1544228183057 0.3400 0.2969 9.3637 9.3746
1544228184169 0.3639 0.3041 9.4092 9.4212
1544228185086 0.3508 0.3172 9.3733 9.3852
1544228186007 0.3555 0.3124 9.4032 9.4151
1544228187113 0.3579 0.3065 9.3685 9.3804
1544228188029 0.3412 0.3136 9.3470 9.3584
1544228189136 0.3567 0.3089 9.3984 9.4103
1544228190055 0.3424 0.2993 9.3649 9.3760
1544228191156 0.3496 0.3053 9.4212 9.4326
1544228192082 0.3268 0.3172 9.3817 9.3927
1544228193187 0.3531 0.3244 9.3889 9.4011
1544228194108 0.3579 0.3304 9.4056 9.4182
1544228261070 0.3484 0.3112 9.4308 9.4423
1544228262013 0.3100 0.2909 9.3529 9.3626
1544229161044 0.3256 0.3029 9.3817 9.3922
1544229162151 0.3484 0.2969 9.3733 9.3845
1544229230055 0.3292 0.3077 9.3649 9.3758
1544229903169 0.3400 0.3053 9.3625 9.3737
1544229904098 0.3531 0.3160 9.3685 9.3805
1544229905027 0.3460 0.2885 9.3553 9.3662
1544229906131 0.3352 0.3148 9.3374 9.3487
1544229907050 0.3436 0.3041 9.3482 9.3594
1544229908149 0.3496 0.3005 9.3757 9.3870
1544229909067 0.3388 0.3220 9.3553 9.3670
1544229910172 0.3496 0.3232 9.3625 9.3746
1544229911099 0.3448 0.2933 9.3972 9.4081
1544229912017 0.3376 0.3280 9.3637 9.3755
1544229913119 0.3519 0.3160 9.4128 9.4247
1544229914038 0.3460 0.2921 9.3817 9.3926
1544229915147 0.3448 0.3184 9.3685 9.3803
1544229916064 0.3436 0.3089 9.3805 9.3919
1544229917171 0.3256 0.3280 9.3769 9.3883
1544229918094 0.3448 0.3196 9.3841 9.3958
1544229919015 0.3436 0.2981 9.3901 9.4011
1544229920119 0.3508 0.3124 9.3913 9.4030
1544229921038 0.3519 0.3232 9.3661 9.3783
1544229922142 0.3472 0.3292 9.3805 9.3927
1544229923060 0.3472 0.3041 9.3565 9.3679
1544230062070 0.3591 0.3112 9.3613 9.3734
1544230063149 0.3496 0.3136 9.3410 9.3528
1544230670055 0.3460 0.3184 9.4032 9.4150
1544230672043 0.3352 0.3112 9.3793 9.3904
1544230962056 0.3376 0.3112 9.3901 9.4013
1544230963158 0.3460 0.3065 9.3960 9.4074
1544231257044 0.3340 0.3160 9.3494 9.3607
1544231258044 0.3424 0.3244 9.3829 9.3947
1544231631065 0.3340 0.3065 9.3757 9.3866
1544231632157 0.3424 0.3148 9.3889 9.4004
1544231633076 0.3639 0.2993 9.3817 9.3935
1544231634180 0.3484 0.3077 9.3853 9.3968
1544231635097 0.3531 0.3184 9.3913 9.4033
1544231636019 0.3579 0.3100 9.3637 9.3757
1544231637122 0.3531 0.3065 9.3649 9.3766
1544231638049 0.3424 0.3100 9.4403 9.4516
1544231639146 0.3448 0.3196 9.3745 9.3863
1544231640065 0.3531 0.3100 9.3278 9.3396
1544231641165 0.3412 0.3208 9.3757 9.3874
1544231642090 0.3400 0.3280 9.3434 9.3553
1544231643011 0.3304 0.3148 9.3793 9.3904
1544231644120 0.3508 0.3053 9.3709 9.3824
1544231645037 0.3448 0.3244 9.3721 9.3841
1544231646136 0.3448 0.3089 9.3769 9.3883
1544231647060 0.3472 0.3053 9.3601 9.3715
1544231648162 0.3472 0.2993 9.3721 9.3833
1544231649081 0.3196 0.2981 9.3984 9.4086
1544231650185 0.3567 0.3136 9.3697 9.3817
1544231651106 0.3460 0.3077 9.3829 9.3943
1544231652025 0.3424 0.3100 9.3637 9.3751
1544231862069 0.3591 0.3065 9.4056 9.4175
1544231863058 0.3855 0.3244 9.3649 9.3785
1544232112065 0.3747 0.3172 9.3733 9.3861
1544232114060 0.3555 0.3136 9.3805 9.3925
1544232115056 0.3735 0.3089 9.3769 9.3894
1544232763041 0.3855 0.3448 9.4008 9.4150
1544232764127 0.3711 0.3723 9.3721 9.3868
1544233298058 0.3651 0.3519 9.4080 9.4217
1544233299006 0.0886 0.4537 9.2967 9.3082
