1544370490438 -0.1245 3.1711 9.3769 9.8994
1544370491189 -0.8416 3.6775 5.1056 6.3482
1544370492136 2.2230 -6.3111 6.4069 9.2639
1544370493088 2.8180 -20.9684 2.2769 21.2791
1544370494038 -1.5658 1.2881 7.8901 8.1464
1544370495166 0.1305 0.5567 9.3769 9.3943
1544370496118 0.3148 0.7051 9.3625 9.3943
1544370497070 -0.0096 0.4764 9.4391 9.4512
1544370498015 0.0982 0.4860 9.3817 9.3948
1544370499149 0.0886 0.4956 9.3948 9.4083
1544370500099 0.0994 0.4920 9.3829 9.3963
1544370501040 0.0862 0.4788 9.4224 9.4349
1544370502186 0.1053 0.4848 9.3972 9.4103
1544370503132 0.0850 0.4812 9.3733 9.3860
1544370504084 0.0491 0.4166 9.2404 9.2499
1544370505022 0.1113 0.5926 9.2991 9.3186
1544370506167 0.0730 0.5830 9.3901 9.4084
1544370507116 0.0850 0.5686 9.4200 9.4375
1544370508063 0.0359 0.5519 9.4260 9.4422
1544370509200 0.2083 0.6129 9.3577 9.3801
1544370510136 0.1592 0.5902 9.3996 9.4195
1544370511095 0.1018 0.5471 9.3841 9.4006
1544370512042 0.1437 0.5171 9.3865 9.4018
1544370513177 0.1245 0.5231 9.3661 9.3815
1544370514115 0.0754 0.4956 9.4068 9.4202
1544370515075 0.1101 0.5100 9.3673 9.3818
1544370516018 0.0982 0.5327 9.3853 9.4009
1544370517153 0.1245 0.5076 9.3697 9.3843
1544370518103 0.1209 0.5148 9.4236 9.4384
1544370519052 0.1448 0.5279 9.4272 9.4431
1544370520181 0.1389 0.5076 9.4152 9.4299
1544370521142 0.1544 0.5231 9.3889 9.4047
1544370522087 0.1401 0.4836 9.3913 9.4047
1544370523023 0.1664 0.5160 9.3697 9.3854
1544370524166 0.1065 0.5207 9.3769 9.3919
1544370525112 0.1604 0.4561 9.2536 9.2662
1544370526057 0.1448 0.5052 9.3625 9.3773
1544370527193 0.1460 0.5004 9.3972 9.4117
1544370528152 0.1496 0.5064 9.3793 9.3941
1544370529088 0.1592 0.5303 9.3841 9.4004
1544370530033 0.1544 0.5064 9.3637 9.3787
1544370531172 0.1688 0.5207 9.3697 9.3857
1544370532115 0.1604 0.5100 9.4128 9.4280
1544370533062 0.1389 0.5195 9.3865 9.4019
1544370534009 0.1580 0.5016 9.3745 9.3892
1544370535143 0.1688 0.4992 9.3613 9.3761
1544370536089 0.1580 0.5136 9.3841 9.3994
1544370537065 0.1532 0.5040 9.4176 9.4323
1544370538172 0.1640 0.5112 9.4236 9.4389
1544370539123 0.1377 0.5028 9.3685 9.3830
1544370540072 0.1676 0.5100 9.3984 9.4138
1544370541015 0.1425 0.5076 9.4056 9.4204
1544370542160 0.1592 0.5088 9.3829 9.3980
1544370543110 0.1652 0.5064 9.4068 9.4219
1544370544058 0.1425 0.5112 9.3937 9.4086
1544370545196 0.1628 0.5160 9.3781 9.3937
1544370546142 0.1676 0.5148 9.4080 9.4236
1544370547088 0.1532 0.5195 9.4056 9.4212
1544370548031 0.1568 0.5004 9.3948 9.4095
1544370690038 0.1484 0.5088 9.3901 9.4050
1544370729039 0.1604 0.5243 9.3781 9.3941
1544370730038 0.1484 0.5255 9.3733 9.3892
1544370990066 0.1472 0.4956 9.3781 9.3923
1544370991053 0.1796 0.5363 9.3996 9.4166
1544370992190 0.1784 0.5459 9.3805 9.3980
1544370993137 0.1796 0.5387 9.3482 9.3654
1544370994084 0.1903 0.5363 9.3948 9.4121
1544370995032 0.1867 0.5219 9.3661 9.3825
1544371075036 0.1927 0.5267 9.4272 9.4438
1544371415036 0.1221 0.4944 9.3661 9.3800
1544371416130 0.1113 0.5064 9.3901 9.4044
1544371639050 0.1041 0.4932 9.3482 9.3617
1544371640094 0.1401 0.5040 9.3805 9.3951
1544371641042 0.1317 0.5040 9.3613 9.3758
1544371642177 0.1484 0.4980 9.3877 9.4020
1544371643125 0.1437 0.5040 9.3769 9.3915
1544371644073 0.1317 0.4932 9.3613 9.3752
1544371645022 0.1556 0.5100 9.3685 9.3837
1544371646161 0.1197 0.5267 9.3877 9.4032
1544371647109 0.1401 0.4968 9.3960 9.4102
1544371648058 0.1377 0.4872 9.3589 9.3726
1544371649004 0.1556 0.4848 9.4128 9.4266
1544371650141 0.1496 0.5171 9.3673 9.3828
1544371651089 0.1401 0.5028 9.3984 9.4129
1544371652038 0.1484 0.5100 9.3865 9.4015
1544371653174 0.1568 0.5160 9.3972 9.4127
1544371654122 0.1365 0.4884 9.3948 9.4085
1544371655071 0.1496 0.4908 9.3649 9.3790
1544371656017 0.1377 0.5088 9.4104 9.4252
1544371657157 0.1664 0.4908 9.3877 9.4020
1544371658103 0.1233 0.4848 9.3721 9.3854
1544371659050 0.1592 0.4968 9.3661 9.3806
1544371936065 0.1305 0.5016 9.4020 9.4163
1544371937065 0.1460 0.5124 9.3925 9.4076
1544371938008 0.1377 0.4980 9.3781 9.3923
1544371939143 0.1628 0.5016 9.3960 9.4108
1544371940097 0.1329 0.5088 9.3889 9.4036
1544371941038 0.1317 0.5124 9.3661 9.3810
1544371942178 0.1353 0.4872 9.4152 9.4288
1544371943119 0.1544 0.4992 9.4104 9.4249
1544372315039 0.1592 0.4968 9.4044 9.4189
1544372316013 0.1460 0.4944 9.3793 9.3934
1544372515055 0.1532 0.4992 9.3506 9.3651
1544372519038 0.1401 0.5148 9.3817 9.3968
1544373185055 0.1484 0.5100 9.3649 9.3800
1544373186148 0.1616 0.5148 9.3458 9.3613
1544373187104 0.1640 0.5016 9.3709 9.3858
1544373188042 0.1508 0.5028 9.3817 9.3964
1544373189194 0.1401 0.5195 9.4068 9.4222
1544373190133 0.1496 0.5148 9.4008 9.4161
1544373207038 0.1556 0.5016 9.3972 9.4119
1544373216038 0.1401 0.5160 9.3482 9.3634
1544373217173 0.1245 0.5088 9.3937 9.4082
1544373368040 0.1377 0.5124 9.3913 9.4062
1544373369131 0.1413 0.4956 9.3913 9.4054
1544373370068 0.1580 0.5076 9.3841 9.3991
1544373371024 0.1676 0.5160 9.3805 9.3962
1544373372159 0.1544 0.5112 9.3697 9.3849
1544373373110 0.1460 0.5267 9.3637 9.3797
1544373374058 0.1472 0.5148 9.4032 9.4185
1544373375191 0.1377 0.4932 9.3781 9.3921
1544373376136 0.1437 0.5016 9.3721 9.3866
1544373377085 0.1484 0.5160 9.3757 9.3911
1544373378029 0.1544 0.5112 9.3841 9.3993
1544373379165 0.1496 0.4980 9.3865 9.4009
1544373380111 0.1484 0.5303 9.4008 9.4169
1544373381059 0.1544 0.5064 9.3685 9.3835
1544373382009 0.1413 0.5255 9.3697 9.3855
1544373383148 0.1520 0.5207 9.3721 9.3878
1544373384086 0.1592 0.5375 9.3757 9.3924
1544373385036 0.1688 0.5052 9.3769 9.3920
1544373386176 0.1413 0.5028 9.3709 9.3854
1544373387130 0.1508 0.4992 9.3757 9.3902
1544373388079 0.1269 0.5100 9.3805 9.3952
1544373389020 0.1472 0.5387 9.3637 9.3804
1544373390159 0.1496 0.5183 9.3948 9.4103
1544373391115 0.1413 0.4968 9.3745 9.3887
1544373959058 0.1556 0.4908 9.3793 9.3934
1544373960174 0.4357 0.6716 9.3697 9.4038
1544374087039 0.4286 0.6644 9.3829 9.4161
1544374116038 0.4393 0.6847 9.3829 9.4181
1544374117055 0.4681 0.6692 9.3984 9.4339
1544374751134 0.2717 0.5471 9.3697 9.3896
1544374752070 0.2622 0.5842 9.3470 9.3689
1544374753026 0.2454 0.5614 9.3434 9.3634
1544374754161 0.2622 0.5447 9.3972 9.4167
1544374755110 0.2286 0.5602 9.3697 9.3892
1544374756058 0.2478 0.5471 9.3697 9.3889
1544374985068 0.2598 0.5531 9.3745 9.3944
1544374986040 0.2191 0.5614 9.3817 9.4010
1544374987047 0.2167 0.5375 9.3661 9.3840
1544374988170 0.2263 0.5626 9.3625 9.3821
1544374989117 0.2143 0.5590 9.3733 9.3924
1544374990063 0.2263 0.5471 9.3948 9.4135
1544374991033 0.2406 0.5507 9.3565 9.3758
1544374992150 0.2251 0.5483 9.3889 9.4075
1544374993008 0.2442 0.5519 9.3781 9.3975
1544374994025 0.2239 0.5507 9.3601 9.3790
1544374995039 0.2239 0.5722 9.3697 9.3898
1544374996148 0.2334 0.5483 9.3793 9.3982
1544374997005 0.2167 0.5375 9.3326 9.3506
1544374998025 0.2298 0.5638 9.3434 9.3632
1544374999017 0.2239 0.5447 9.3374 9.3559
1544375000032 0.2334 0.5483 9.3266 9.3456
1544375001050 0.2370 0.5435 9.3494 9.3681
1544375002026 0.2382 0.5411 9.3781 9.3967
1544375003025 0.2059 0.5327 9.3553 9.3728
1544375004024 0.2334 0.5363 9.3506 9.3688
1544375005028 0.2059 0.5495 9.3434 9.3618
1544375006023 0.2286 0.5363 9.3637 9.3819
1544375007017 0.2071 0.5219 9.3625 9.3793
1544375008027 0.2215 0.5543 9.3661 9.3851
1544375009033 0.2119 0.5399 9.3661 9.3841
1544375010025 0.2131 0.5686 9.3362 9.3559
1544375011051 0.2227 0.5578 9.3553 9.3746
1544375012026 0.2203 0.5507 9.3326 9.3514
1544375013023 0.2251 0.5590 9.3553 9.3747
1544375014025 0.2203 0.5387 9.3386 9.3567
1544375015017 0.2358 0.5399 9.3350 9.3536
1544375016025 0.2346 0.5531 9.3266 9.3459
1544375017029 0.2131 0.5770 9.3577 9.3779
1544375018010 0.1999 0.5578 9.3637 9.3825
1544375019016 0.2011 0.5231 9.3529 9.3697
1544375020028 0.2346 0.5734 9.3613 9.3818
1544375021050 0.2442 0.5423 9.3577 9.3766
1544375022026 0.2394 0.5399 9.3422 9.3608
1544375023010 0.2251 0.5519 9.3518 9.3707
1544375024029 0.2047 0.5555 9.3601 9.3788
1544375025029 0.2263 0.5578 9.3374 9.3568
1544375026025 0.2298 0.5435 9.3625 9.3811
1544375027106 0.2442 0.5399 9.3793 9.3980
1544375028184 0.2155 0.5375 9.3937 9.4115
1544375029082 0.2071 0.5590 9.3948 9.4137
1544375030164 0.2358 0.5327 9.3601 9.3782
1544375031055 0.2251 0.5459 9.3960 9.4146
1544375032147 0.2059 0.5375 9.3793 9.3969
1544375033044 0.1975 0.5578 9.3865 9.4051
1544375034123 0.2215 0.5435 9.4008 9.4191
1544375035025 0.2418 0.5614 9.3541 9.3741
1544375036102 0.2298 0.5590 9.3865 9.4059
1544375037015 0.2131 0.5650 9.3697 9.3891
1544375038083 0.2239 0.5519 9.4044 9.4233
1544375039163 0.2442 0.5411 9.3781 9.3969
1544375040062 0.2155 0.5447 9.3541 9.3725
1544375041149 0.2263 0.5674 9.3769 9.3968
1544375042054 0.2203 0.5483 9.3913 9.4098
1544375096055 0.2418 0.5471 9.3877 9.4067
1544375097065 0.2251 0.5567 9.3733 9.3925
1544375098013 0.2191 0.5387 9.3649 9.3830
1544375099150 0.2155 0.5555 9.3913 9.4101
1544375100098 0.2370 0.5291 9.3721 9.3900
1544375101042 0.2107 0.5423 9.3529 9.3710
1544375102177 0.2298 0.5686 9.3637 9.3838
1544375103121 0.2143 0.5387 9.3470 9.3649
1544375104070 0.2179 0.5471 9.3529 9.3715
1544375105015 0.2370 0.5543 9.3877 9.4070
1544375106150 0.2382 0.5399 9.3817 9.4002
1544375107098 0.2322 0.5327 9.3470 9.3650
1544375108045 0.2538 0.5471 9.3793 9.3987
1544375109181 0.2310 0.5578 9.3697 9.3891
1544375110126 0.2167 0.5435 9.4044 9.4226
1544375111075 0.2382 0.5435 9.3518 9.3706
1544375112020 0.2322 0.5447 9.3841 9.4027
1544375113150 0.2263 0.5399 9.3697 9.3880
1544375114097 0.2298 0.5459 9.3709 9.3896
1544375115045 0.2274 0.5543 9.3805 9.3996
1544375116185 0.2382 0.5375 9.3649 9.3834
1544375117128 0.2239 0.5507 9.3697 9.3885
1544375400038 0.2095 0.5459 9.3972 9.4154
1544375917139 0.2382 0.5710 9.3434 9.3638
1544375918094 0.2358 0.5674 9.4116 9.4316
1544376817061 0.2478 0.5758 9.3901 9.4110
1544376818099 0.1652 0.5064 9.3996 9.4147
1544376824038 0.1508 0.5423 9.4008 9.4177
1544376825104 0.2059 0.5219 9.3841 9.4008
1544376826051 0.1628 0.5303 9.3913 9.4076
1544376827187 0.1963 0.5267 9.3661 9.3830
1544376828137 0.1891 0.5195 9.3434 9.3597
1544376829082 0.1796 0.5195 9.3781 9.3942
1544376830030 0.1736 0.5231 9.3984 9.4146
1544376831158 0.1784 0.5207 9.3697 9.3859
1544376832114 0.1724 0.5124 9.3410 9.3566
1544376833061 0.1844 0.5279 9.3889 9.4055
1544376834193 0.1736 0.5459 9.3697 9.3872
1544376835143 0.1808 0.5112 9.3757 9.3914
1544376836089 0.1808 0.5255 9.3901 9.4065
1544376837039 0.1867 0.5351 9.3757 9.3928
1544376838174 0.1844 0.5387 9.3625 9.3798
1544376839123 0.1856 0.4980 9.3781 9.3931
1544376840069 0.1903 0.5327 9.3506 9.3677
1544376841020 0.1832 0.5327 9.3841 9.4010
1544376842152 0.1736 0.5195 9.3889 9.4048
1544376843098 0.1975 0.5267 9.4032 9.4200
1544376844045 0.1676 0.5267 9.3841 9.4003
1544376845181 0.1963 0.5183 9.3948 9.4112
1544377717064 0.1640 0.5315 9.3314 9.3480
1544377718148 0.1496 0.5279 9.3913 9.4073
1544377786058 0.1544 0.5195 9.3948 9.4105
1544377919037 0.1844 0.5255 9.3781 9.3946
1544377920008 0.1736 0.5052 9.3745 9.3897
1544377921146 0.1784 0.5160 9.3685 9.3844
1544377922093 0.1640 0.5279 9.3853 9.4015
1544377923047 0.1808 0.5219 9.3984 9.4147
1544377924175 0.1508 0.5207 9.3948 9.4105
1544377925132 0.1760 0.5148 9.3769 9.3927
1544377926080 0.1700 0.5291 9.3769 9.3933
1544377927022 0.1425 0.5195 9.4032 9.4186
1544377928162 0.1867 0.5375 9.3721 9.3894
1544377929108 0.1652 0.5315 9.3649 9.3814
1544377930062 0.1760 0.5255 9.3889 9.4052
1544377931192 0.1532 0.5363 9.3673 9.3839
1544377932142 0.1676 0.5136 9.3805 9.3960
1544377933095 0.1496 0.5327 9.3984 9.4147
1544377934033 0.1568 0.5219 9.4008 9.4166
1544377935172 0.1867 0.5124 9.3685 9.3844
1544377936119 0.1604 0.5219 9.4152 9.4310
1544377937066 0.1628 0.5195 9.3458 9.3616
1544377938013 0.1724 0.5375 9.4080 9.4249
1544377939148 0.1640 0.5171 9.3745 9.3902
1544377940100 0.1508 0.5339 9.4008 9.4172
1544377941042 0.1520 0.5327 9.3709 9.3873
1544377942180 0.1736 0.5303 9.3937 9.4102
1544377943126 0.1616 0.5327 9.3565 9.3731
1544377944076 0.1891 0.5363 9.3625 9.3798
1544377945020 0.1772 0.5160 9.3972 9.4131
1544377946155 0.1544 0.5231 9.3829 9.3987
1544377947101 0.1820 0.5243 9.3853 9.4017
1544377948048 0.1712 0.5315 9.3745 9.3911
1544377949175 0.1712 0.5339 9.3721 9.3889
1544377985039 0.1652 0.5148 9.3781 9.3937
1544377990038 0.1676 0.5207 9.3865 9.4024
1544378110037 0.1724 0.5124 9.3769 9.3925
1544378161055 0.1544 0.5112 9.3422 9.3574
1544378281041 0.1556 0.5219 9.3937 9.4094
1544378553049 0.1903 0.5052 9.4008 9.4163
1544378554171 0.1760 0.5327 9.3661 9.3829
1544378555121 0.1784 0.5195 9.3877 9.4037
1544378556069 0.1604 0.5231 9.3529 9.3689
1544378557014 0.1903 0.5243 9.3781 9.3947
1544378558151 0.1915 0.5231 9.3529 9.3695
1544378559095 0.1700 0.5255 9.3948 9.4111
1544378560042 0.1736 0.5195 9.3829 9.3989
1544378561180 0.1808 0.5423 9.3865 9.4039
1544378562138 0.1736 0.5183 9.3625 9.3785
1544378563074 0.1640 0.5543 9.3613 9.3792
1544378564020 0.1808 0.5351 9.3781 9.3951
1544378565154 0.1460 0.5207 9.3793 9.3949
1544378566106 0.1640 0.5267 9.4044 9.4206
1544378567049 0.1664 0.5399 9.3948 9.4118
1544378568184 0.1808 0.5399 9.3529 9.3703
1544378569130 0.1832 0.5195 9.3733 9.3895
1544378570077 0.1796 0.5303 9.3577 9.3745
1544378571021 0.1664 0.5052 9.4032 9.4183
1544378572157 0.1652 0.5219 9.3470 9.3630
1544378573105 0.1891 0.5207 9.3877 9.4040
1544378618057 0.1532 0.5160 9.3685 9.3840
1544378619031 0.1844 0.5279 9.3925 9.4091
1544379518093 0.2011 0.5255 9.3913 9.4081
1544379519042 0.1891 0.5447 9.3733 9.3910
1544379721057 0.2083 0.5411 9.3817 9.3996
1544379733038 0.1856 0.5195 9.3829 9.3991
1544380281056 0.1879 0.5279 9.3889 9.4056
1544380282037 0.1879 0.5411 9.3757 9.3932
1544380283173 0.1963 0.5327 9.3697 9.3869
1544380284123 0.1975 0.5351 9.3829 9.4002
1544380285071 0.1652 0.5231 9.4080 9.4240
1544380286019 0.2023 0.5255 9.3721 9.3890
1544380287151 0.1700 0.5423 9.3817 9.3989
1544380288102 0.1652 0.5255 9.3637 9.3799
1544380289045 0.1879 0.5483 9.3709 9.3888
1544380290181 0.1796 0.5327 9.3960 9.4128
1544380291128 0.1832 0.5315 9.3661 9.3830
1544380292074 0.1808 0.5363 9.3948 9.4119
1544380293024 0.1987 0.5375 9.4080 9.4255
1544380294158 0.1760 0.5171 9.4344 9.4502
1544380295103 0.1664 0.5243 9.4056 9.4217
1544380296053 0.2047 0.5411 9.3781 9.3959
1544380297194 0.1772 0.5291 9.3565 9.3732
1544380298142 0.1784 0.5459 9.3577 9.3753
1544380299090 0.1832 0.5435 9.3649 9.3825
1544380300033 0.1903 0.5435 9.3793 9.3969
1544380301173 0.2095 0.5327 9.4128 9.4302
1544380419058 0.1975 0.5148 9.3709 9.3871
1544380420055 0.2143 0.5471 9.3709 9.3893
1544381173062 0.5016 0.7123 9.3625 9.4030
1544381184040 0.4980 0.7219 9.3374 9.3785
1544381320056 0.5052 0.7063 9.3458 9.3860
1544381321015 0.4884 0.7219 9.3577 9.3982
1544381510039 0.3280 0.6153 9.3446 9.3705
1544381511145 0.3352 0.6069 9.3625 9.3882
1544381521056 0.3244 0.6093 9.3613 9.3867
1544381522039 0.3112 0.5866 9.3625 9.3860
1544382009057 0.3196 0.6225 9.3948 9.4209
1544382010101 0.2957 0.5878 9.3673 9.3904
1544382011048 0.2909 0.5758 9.3685 9.3907
1544382012185 0.2801 0.5866 9.3948 9.4173
1544382013131 0.2861 0.5842 9.3841 9.4066
1544382014078 0.2789 0.5519 9.3865 9.4068
1544382015019 0.2933 0.5734 9.3637 9.3858
1544382016160 0.2849 0.5770 9.3637 9.3858
1544382017106 0.3136 0.5878 9.3589 9.3826
1544382018055 0.2969 0.5770 9.3948 9.4172
1544382019195 0.2885 0.5914 9.3925 9.4155
1544382020141 0.2945 0.6105 9.3793 9.4037
1544382021085 0.2981 0.5866 9.3601 9.3832
1544382022031 0.2993 0.5782 9.3661 9.3887
1544382023168 0.3077 0.6033 9.3757 9.4001
1544382024112 0.3041 0.5638 9.3841 9.4059
1544382025055 0.2933 0.5914 9.3673 9.3905
1544382026194 0.2849 0.5770 9.3733 9.3954
1544382027142 0.2849 0.6009 9.3518 9.3754
1544382028088 0.2945 0.5938 9.3482 9.3716
1544382029035 0.3017 0.5902 9.3865 9.4098
1544382220066 0.2909 0.5806 9.3817 9.4041
1544382221043 0.3136 0.5806 9.3518 9.3750
1544382624095 0.3256 0.5770 9.3817 9.4050
1544382626041 0.2035 0.6381 9.3841 9.4079
1544383121059 0.4094 0.6081 9.3841 9.4127
1544383122189 0.3915 0.6285 9.3937 9.4228
1544383738108 0.3771 0.6129 9.3649 9.3925
1544383739060 0.3843 0.5794 9.3793 9.4050
1544383740193 0.3819 0.6129 9.3769 9.4047
1544383741140 0.3711 0.6045 9.3589 9.3858
1544383742087 0.3795 0.6081 9.3661 9.3935
1544383743035 0.3759 0.6141 9.3853 9.4128
1544383744169 0.3543 0.5974 9.3697 9.3954
1544383745117 0.3519 0.5974 9.3817 9.4073
1544383746061 0.3759 0.6045 9.3805 9.4075
1544383747009 0.3651 0.6129 9.3829 9.4100
1544383748144 0.3843 0.6153 9.3937 9.4216
1544383749091 0.3711 0.6033 9.3625 9.3893
1544383750037 0.3591 0.6057 9.3781 9.4045
1544383751175 0.3759 0.5962 9.3901 9.4165
1544383752121 0.3735 0.5950 9.3745 9.4008
1544383753072 0.3639 0.6225 9.3697 9.3974
1544383754017 0.3807 0.6129 9.3362 9.3640
1544383755148 0.3843 0.6069 9.3685 9.3960
1544383756086 0.3783 0.5986 9.3446 9.3714
1544383757043 0.3723 0.5938 9.3841 9.4102
1544383758178 0.3819 0.6057 9.3781 9.4054
1544383813059 0.3639 0.6177 9.3817 9.4090
1544384021052 0.3843 0.6009 9.3841 9.4111
1544384022027 0.2682 0.5662 9.3709 9.3918
1544384066059 0.2490 0.5782 9.3661 9.3873
1544384068038 0.2622 0.5507 9.3494 9.3692
1544384809053 0.2430 0.5662 9.3685 9.3888
1544384810142 0.2574 0.5950 9.3697 9.3921
1544384811090 0.2502 0.5686 9.3637 9.3843
1544384812035 0.2478 0.5902 9.3697 9.3915
1544384813180 0.2490 0.5555 9.3649 9.3847
1544384814126 0.2586 0.5614 9.3841 9.4044
1544384815074 0.2562 0.5710 9.3889 9.4097
1544384816023 0.2394 0.5758 9.3565 9.3773
1544384817155 0.2538 0.5758 9.3613 9.3825
1544384818104 0.2717 0.5974 9.3577 9.3807
1544384819056 0.2514 0.5818 9.3841 9.4055
1544384820189 0.2586 0.5830 9.3913 9.4129
1544384821133 0.2454 0.5674 9.3865 9.4068
1544384822083 0.2514 0.5626 9.3601 9.3804
1544384823032 0.2562 0.5974 9.3829 9.4054
1544384824172 0.2526 0.5614 9.3613 9.3816
1544384825113 0.2502 0.5710 9.3625 9.3833
1544384826065 0.2490 0.5722 9.3518 9.3726
1544384827012 0.2598 0.5866 9.3865 9.4084
1544384828147 0.2550 0.5674 9.3745 9.3951
1544384829092 0.2274 0.5782 9.3745 9.3951
1544384830034 0.2622 0.5578 9.3948 9.4150
1544384831177 0.2610 0.5734 9.4152 9.4363
1544384832123 0.2442 0.5758 9.3577 9.3786
1544384833071 0.2538 0.5567 9.3577 9.3777
1544384834019 0.2418 0.5602 9.3972 9.4170
1544384835155 0.2658 0.5674 9.3937 9.4145
1544384836100 0.2717 0.5567 9.3518 9.3722
1544384837046 0.2478 0.5662 9.3625 9.3829
1544384838182 0.2562 0.5483 9.3769 9.3964
1544384839128 0.2514 0.5818 9.3625 9.3840
1544384840078 0.2574 0.5710 9.3805 9.4014
1544384841035 0.2646 0.5830 9.3913 9.4131
1544384842160 0.2622 0.5507 9.3637 9.3836
1544384843111 0.2502 0.5614 9.3410 9.3612
1544384844067 0.2442 0.5914 9.3853 9.4071
1544384922056 0.2670 0.5734 9.3482 9.3695
1544384923056 0.2490 0.5758 9.4188 9.4397
1544385070055 0.2574 0.5578 9.3781 9.3982
1544385467129 0.2514 0.5890 9.3733 9.3951
1544385468128 0.2215 0.6069 9.3757 9.3979
1544385469075 0.2215 0.6021 9.3817 9.4036
1544385470021 0.2310 0.5830 9.3948 9.4158
1544385471162 0.2155 0.5842 9.3829 9.4035
1544385472109 0.2358 0.5997 9.3482 9.3703
1544385473054 0.2538 0.5878 9.3673 9.3892
1544385474192 0.2346 0.5938 9.3793 9.4010
1544385475141 0.2203 0.5890 9.3482 9.3693
1544385476090 0.2454 0.5686 9.3733 9.3937
1544385477035 0.2310 0.6009 9.3733 9.3954
1544385478171 0.2394 0.5722 9.3637 9.3842
1544385479118 0.2358 0.5782 9.3829 9.4036
1544385480066 0.2227 0.5830 9.3757 9.3964
1544385481011 0.2251 0.5842 9.3841 9.4049
1544385482145 0.2334 0.5902 9.3769 9.3983
1544385483098 0.2382 0.6057 9.3841 9.4066
1544385484044 0.2203 0.5914 9.3865 9.4077
1544385485179 0.2394 0.5878 9.3733 9.3948
1544385486125 0.2514 0.6021 9.3589 9.3817
1544385487071 0.2251 0.5866 9.3637 9.3848
1544385488035 0.2382 0.6045 9.3996 9.4221
1544385508056 0.2346 0.5806 9.3817 9.4026
1544385822085 0.2346 0.5794 9.3877 9.4085
1544385823121 0.2143 0.5866 9.3565 9.3774
1544386722052 0.2310 0.6057 9.3745 9.3969
1544386723138 0.2167 0.5243 9.3972 9.4144
1544386948053 0.1963 0.5339 9.3721 9.3894
1544387196077 0.1844 0.5447 9.4056 9.4232
1544387197137 0.1963 0.5291 9.3757 9.3927
1544387198082 0.1772 0.5267 9.3697 9.3862
1544387199028 0.1879 0.5207 9.4044 9.4207
1544387200164 0.1844 0.5291 9.3637 9.3805
1544387201113 0.2155 0.5243 9.3625 9.3797
1544387202059 0.2095 0.5303 9.3589 9.3763
1544387203193 0.2071 0.5387 9.3829 9.4006
1544387204143 0.1867 0.5243 9.3841 9.4006
1544387205093 0.1951 0.5650 9.3960 9.4150
1544387206037 0.1891 0.5411 9.3889 9.4063
1544387207170 0.2059 0.5219 9.4056 9.4223
1544387208118 0.1724 0.5064 9.3853 9.4005
1544387209064 0.2023 0.5387 9.3434 9.3611
1544387210013 0.1760 0.5088 9.3984 9.4138
1544387211153 0.1856 0.5387 9.3925 9.4097
1544387212099 0.1975 0.5447 9.3541 9.3721
1544387213043 0.1927 0.5243 9.3541 9.3708
1544387214180 0.2011 0.5399 9.3972 9.4149
1544387215127 0.1999 0.5327 9.3541 9.3714
1544387216074 0.2071 0.5411 9.3757 9.3936
1544387622040 0.1987 0.5219 9.4212 9.4377
1544387623163 0.1927 0.5531 9.3829 9.4011
1544388388039 0.1808 0.5100 9.3733 9.3889
1544388390044 0.1820 0.5148 9.3901 9.4059
1544388523053 0.1724 0.5243 9.3901 9.4063
1544388524098 0.1748 0.5136 9.3877 9.4033
1544388924053 0.1903 0.4968 9.3601 9.3752
1544388925167 0.1269 0.5614 9.3733 9.3910
1544388926114 0.0958 0.5662 9.3841 9.4016
1544388927061 0.1065 0.5626 9.3733 9.3908
1544388928009 0.1030 0.5686 9.3565 9.3744
1544388929142 0.1041 0.5578 9.3817 9.3988
1544388930090 0.1257 0.5614 9.3518 9.3694
1544388931034 0.1233 0.5602 9.3709 9.3884
1544388932171 0.1077 0.5531 9.3817 9.3986
1544388933118 0.1125 0.5806 9.3829 9.4015
1544388934064 0.0862 0.5602 9.3925 9.4095
1544388935018 0.1137 0.5686 9.3781 9.3960
1544388936153 0.1269 0.5806 9.3589 9.3778
1544388937100 0.1233 0.5830 9.3781 9.3970
1544388938047 0.1185 0.5866 9.3853 9.4043
1544388939183 0.1018 0.5878 9.3589 9.3779
1544388940131 0.1053 0.5722 9.3697 9.3878
1544388941079 0.1173 0.5662 9.3721 9.3899
1544388942028 0.1149 0.5614 9.3925 9.4099
1544388943167 0.0898 0.5770 9.3745 9.3927
1544388944121 0.1173 0.5614 9.3733 9.3908
1544389200061 0.1341 0.5758 9.3709 9.3895
1544389423044 0.1245 0.5519 9.3901 9.4071
1544389424170 0.1305 0.5543 9.3769 9.3942
1544389830112 0.1149 0.5411 9.3948 9.4111
1544390155038 0.1113 0.5399 9.3637 9.3799
1544390156158 0.1233 0.5375 9.3709 9.3871
1544390323056 0.1149 0.5519 9.3865 9.4034
1544390324177 0.1221 0.5375 9.3721 9.3883
1544390652079 0.1125 0.5375 9.3913 9.4073
1544390653043 0.1173 0.5495 9.3781 9.3949
1544390654179 0.1233 0.5399 9.3925 9.4088
1544390655128 0.0790 0.5590 9.3541 9.3712
1544390656071 0.1113 0.5447 9.3613 9.3778
1544390657017 0.1425 0.5531 9.3805 9.3979
1544390658155 0.1197 0.5507 9.3709 9.3878
1544390659104 0.1185 0.5375 9.3721 9.3883
1544390660054 0.1209 0.5531 9.3769 9.3940
1544390661191 0.1137 0.5387 9.4044 9.4205
1544390662135 0.1209 0.5423 9.3362 9.3527
1544390663083 0.1221 0.5219 9.3829 9.3982
1544390664031 0.1173 0.5207 9.3829 9.3980
1544390665165 0.1125 0.5626 9.3685 9.3861
1544390666111 0.1341 0.5507 9.3541 9.3713
1544390667057 0.1233 0.5519 9.3769 9.3939
1544390668191 0.1018 0.5567 9.3482 9.3653
1544390669138 0.1077 0.5363 9.3518 9.3677
1544390670085 0.1149 0.5435 9.3577 9.3742
1544390671034 0.1101 0.5207 9.3565 9.3717
1544390672173 0.0970 0.5507 9.3996 9.4163
1544390673116 0.1317 0.5590 9.3697 9.3873
1544391223090 0.1281 0.5351 9.3518 9.3679
1544391224036 0.1125 0.5399 9.3948 9.4110
1544391270053 0.1149 0.5411 9.3877 9.4039
1544392123051 0.1101 0.5267 9.4128 9.4282
1544392124040 0.0754 0.5890 9.3925 9.4112
1544392381081 0.1089 0.6153 9.3494 9.3702
1544392382031 0.1125 0.5710 9.3841 9.4021
1544392383160 0.0934 0.5758 9.3913 9.4094
1544392384115 0.1077 0.5950 9.3853 9.4047
1544392385064 0.1197 0.6021 9.3829 9.4029
1544392386010 0.1113 0.5962 9.3805 9.4001
1544392387145 0.0982 0.5974 9.4176 9.4370
1544392388094 0.1209 0.5938 9.3446 9.3642
1544392389041 0.0958 0.6045 9.3482 9.3682
1544392390177 0.1209 0.5902 9.3398 9.3592
1544392391123 0.1077 0.5926 9.3853 9.4046
1544392392068 0.1089 0.5890 9.3565 9.3757
1544392393015 0.1089 0.6093 9.3470 9.3674
1544392394154 0.0922 0.5794 9.3494 9.3677
1544392395098 0.1077 0.5878 9.3386 9.3577
1544392396044 0.1125 0.5997 9.3446 9.3645
1544392397180 0.1101 0.5997 9.3637 9.3836
1544392398133 0.1161 0.6057 9.3458 9.3661
1544392399075 0.1173 0.5866 9.4032 9.4222
1544392400025 0.1257 0.5962 9.3865 9.4062
1544392401165 0.0910 0.5806 9.3757 9.3941
1544392710057 0.0886 0.5866 9.3709 9.3897
1544392718054 0.1185 0.5902 9.3769 9.3962
1544392800065 0.1006 0.5854 9.3649 9.3837
1544393023064 0.1185 0.5842 9.3853 9.4042
1544393024106 0.0934 0.5997 9.3841 9.4037
1544393923043 0.0994 0.5902 9.4068 9.4258
1544393924101 0.0814 0.5255 9.3422 9.3573
1544394109056 0.0850 0.5555 9.3494 9.3662
1544394110078 0.0994 0.5483 9.3697 9.3863
1544394111036 0.0874 0.5471 9.3853 9.4016
1544394112171 0.0730 0.5363 9.3733 9.3889
1544394113116 0.0922 0.5399 9.3841 9.4000
1544394114072 0.0682 0.5423 9.3673 9.3832
1544394115012 0.0910 0.5327 9.3673 9.3829
1544394116144 0.1018 0.5339 9.3721 9.3878
1544394117092 0.0970 0.5459 9.3709 9.3873
1544394118038 0.1041 0.5279 9.3721 9.3875
1544394119177 0.0802 0.5471 9.3889 9.4051
1544394120125 0.0814 0.5351 9.3960 9.4116
1544394121072 0.0958 0.5531 9.3841 9.4008
1544394122020 0.0706 0.5243 9.3506 9.3655
1544394123154 0.0982 0.5351 9.3745 9.3903
1544394124103 0.1006 0.5567 9.3685 9.3856
1544394125051 0.0766 0.5375 9.3817 9.3974
1544394126186 0.0790 0.5399 9.3757 9.3916
1544394127139 0.0826 0.5495 9.3434 9.3599
1544394128086 0.0958 0.5327 9.3829 9.3985
1544394129030 0.0778 0.5614 9.4152 9.4322
1544394130165 0.0850 0.5459 9.3721 9.3884
1544394158053 0.0982 0.5507 9.4020 9.4187
1544394538038 0.0694 0.5375 9.3865 9.4021
1544394539157 0.1018 0.5411 9.3853 9.4014
1544394540108 0.0970 0.5327 9.3601 9.3758
1544394541046 0.0898 0.5423 9.3745 9.3906
1544394542181 0.0934 0.5423 9.3865 9.4026
1544394543128 0.0982 0.5519 9.3805 9.3972
1544394544077 0.0838 0.5243 9.3829 9.3979
1544394545021 0.0778 0.5387 9.3913 9.4070
1544394546162 0.0634 0.5399 9.3877 9.4034
1544394547106 0.1065 0.5447 9.3913 9.4076
1544394548052 0.0706 0.5459 9.4056 9.4217
1544394549185 0.0958 0.5231 9.3685 9.3836
1544394550132 0.0958 0.5578 9.3865 9.4035
1544394551076 0.0886 0.5471 9.3853 9.4016
1544394552027 0.0934 0.5543 9.3434 9.3603
1544394634053 0.1041 0.5399 9.3948 9.4109
1544394823054 0.1053 0.5555 9.3601 9.3772
1544394824192 0.0718 0.5614 9.3697 9.3868
1544394825054 0.0730 0.5614 9.3613 9.3784
1544395598120 0.0922 0.5435 9.3829 9.3991
1544395600042 0.0718 0.5375 9.3996 9.4153
1544395724055 0.0862 0.5136 9.3601 9.3746
1544395725134 0.0862 0.5519 9.3290 9.3457
1544395837056 0.0910 0.5519 9.3697 9.3864
1544395838156 0.0898 0.5375 9.3817 9.3975
1544395839103 0.0934 0.5459 9.3565 9.3729
1544395840052 0.1221 0.5614 9.3960 9.4136
1544395841186 0.0874 0.5531 9.3649 9.3816
1544395842132 0.0934 0.5614 9.3553 9.3726
1544395843081 0.1293 0.5555 9.4128 9.4301
1544395844025 0.1161 0.5602 9.3709 9.3884
1544395845162 0.0946 0.5590 9.3541 9.3713
1544395846107 0.0730 0.5219 9.3805 9.3953
1544395847056 0.1113 0.5195 9.3362 9.3513
1544395848190 0.1185 0.5339 9.3518 9.3677
1544395849137 0.1233 0.5483 9.3685 9.3854
1544395850087 0.1245 0.5459 9.3817 9.3984
1544395851035 0.1532 0.5519 9.4008 9.4183
1544395852171 0.1413 0.5315 9.3889 9.4050
1544395853110 0.1101 0.5279 9.3889 9.4043
1544395854061 0.1508 0.5650 9.3721 9.3903
1544395855007 0.1377 0.5638 9.3494 9.3674
1544395856146 0.1508 0.5423 9.3673 9.3842
1544395857096 0.1329 0.5531 9.3769 9.3941
1544395858040 0.1389 0.5555 9.3482 9.3657
1544395859127 0.1389 0.5519 9.3673 9.3846
1544395889038 0.1173 0.5483 9.3601 9.3769
1544395895038 0.1293 0.5578 9.3673 9.3848
1544396624052 0.1173 0.5674 9.3649 9.3828
1544396625186 0.1233 0.5555 9.3781 9.3953
1544396626135 0.1137 0.5327 9.3745 9.3903
1544397040055 0.1353 0.6105 9.3685 9.3894
1544397042046 0.1197 0.6153 9.3889 9.4098
1544397525124 0.1113 0.6297 9.3673 9.3891
1544397526137 0.1556 0.5650 9.3948 9.4131
1544397566060 0.1544 0.5519 9.3793 9.3968
1544397567151 0.1496 0.5830 9.3506 9.3699
1544397568105 0.1413 0.5614 9.3518 9.3697
1544397569051 0.1401 0.5638 9.3697 9.3877
1544397570183 0.1353 0.5722 9.3972 9.4156
1544397571135 0.1820 0.5698 9.3841 9.4031
1544397572082 0.1580 0.5710 9.3841 9.4028
1544397573027 0.1317 0.5818 9.3697 9.3887
1544397574165 0.1448 0.5626 9.3769 9.3949
1544397575113 0.1496 0.5746 9.3925 9.4112
1544397576058 0.1664 0.5722 9.3913 9.4101
1544397577007 0.1520 0.5794 9.3829 9.4020
1544397578145 0.1520 0.5686 9.3637 9.3822
1544397579088 0.1508 0.5842 9.3553 9.3748
1544397580035 0.1568 0.5806 9.3841 9.4033
1544397581171 0.1437 0.5638 9.3482 9.3663
1544397582116 0.1472 0.5662 9.3913 9.4095
1544397583062 0.1700 0.5602 9.3793 9.3975
1544397584009 0.1640 0.5830 9.3541 9.3737
1544397585148 0.1712 0.5662 9.3721 9.3908
1544397586096 0.1580 0.5626 9.4032 9.4214
1544398402161 0.1185 0.5459 9.3697 9.3863
1544398403106 0.1137 0.5363 9.3661 9.3821
1544398404053 0.1065 0.5483 9.3494 9.3660
1544398405191 0.1149 0.5471 9.3721 9.3888
1544398406140 0.1389 0.5411 9.3673 9.3840
1544398407087 0.1221 0.5495 9.3757 9.3926
1544398408034 0.1065 0.5555 9.3685 9.3856
1544398409172 0.1137 0.5590 9.3913 9.4086
1544398410118 0.1185 0.5555 9.3793 9.3965
1544398411067 0.1173 0.5578 9.3853 9.4026
1544398412015 0.1233 0.5614 9.3793 9.3969
1544398413155 0.0994 0.5483 9.3673 9.3839
1544398414098 0.1353 0.5638 9.3901 9.4079
1544398415048 0.1137 0.5590 9.3757 9.3930
1544398416192 0.1101 0.5399 9.3853 9.4014
1544398417131 0.1137 0.5567 9.3565 9.3738
1544398418084 0.1281 0.5519 9.3937 9.4107
1544398419029 0.1113 0.5363 9.3745 9.3905
1544398420167 0.1137 0.5495 9.3518 9.3686
1544398421114 0.1089 0.5531 9.3853 9.4022
1544398422064 0.1281 0.5507 9.3529 9.3700
1544398423192 0.1173 0.5543 9.3649 9.3820
1544398424137 0.1161 0.5507 9.3601 9.3770
1544398425173 0.1269 0.5375 9.3721 9.3884
1544398426027 0.1018 0.5471 9.3745 9.3910
1544398427158 0.1281 0.5375 9.3649 9.3812
1544398428112 0.1161 0.5411 9.3781 9.3944
1544398429051 0.1185 0.5435 9.3829 9.3994
1544398430007 0.1317 0.5363 9.4032 9.4194
1544398431146 0.1233 0.5447 9.3673 9.3839
1544398432089 0.1077 0.5710 9.3506 9.3686
1544398482036 0.1137 0.5351 9.3745 9.3904
1544398652039 0.1197 0.5339 9.3661 9.3821
1544398653037 0.2167 0.5710 9.3757 9.3956
1544398655058 0.1939 0.5866 9.3925 9.4127
1544399295074 0.1951 0.5770 9.3673 9.3871
1544399296014 0.2191 0.5734 9.3601 9.3802
1544399297150 0.1724 0.5878 9.3709 9.3909
1544399298098 0.2047 0.5842 9.3697 9.3901
1544399299045 0.1975 0.5339 9.3553 9.3726
1544399300184 0.2430 0.5986 9.3386 9.3609
1544399301129 0.2251 0.6021 9.3829 9.4049
1544399302079 0.2454 0.6081 9.3577 9.3807
1544399303028 0.2741 0.6297 9.3829 9.4080
1544399304163 0.2574 0.6273 9.3877 9.4121
1544399305108 0.2155 0.6081 9.3901 9.4122
1544399306057 0.2717 0.6321 9.3733 9.3985
1544399307193 0.3256 0.6943 9.3541 9.3855
1544399308141 0.3136 0.6704 9.3470 9.3762
1544399309090 0.3148 0.6871 9.3805 9.4109
1544399310035 0.3124 0.6859 9.3661 9.3964
1544399311170 0.3172 0.6740 9.3709 9.4005
1544399312117 0.3256 0.6560 9.3494 9.3780
1544399313060 0.3352 0.6716 9.3853 9.4152
1544399314007 0.3148 0.6847 9.3673 9.3976
1544399315142 0.3244 0.6704 9.3470 9.3766
1544399326039 0.3005 0.6716 9.3529 9.3818
1544399327049 0.3328 0.6776 9.3721 9.4025
1544399922056 0.3172 0.6859 9.3948 9.4252
1544399923149 0.3304 0.6560 9.3937 9.4223
1544400226081 0.3400 0.6955 9.3553 9.3873
1544400227057 0.3100 0.6704 9.3386 9.3677
1544400228189 0.3100 0.6692 9.3494 9.3784
1544400229147 0.3268 0.6847 9.3613 9.3920
1544400230090 0.3328 0.6680 9.3709 9.4006
1544400231050 0.2873 0.6692 9.3506 9.3789
1544400232180 0.3065 0.6979 9.3613 9.3923
1544400233128 0.3100 0.6835 9.3781 9.4081
1544401024045 0.2825 0.6943 9.3434 9.3734
1544401025029 0.3340 0.6979 9.3829 9.4147
1544401026166 0.3184 0.6847 9.3553 9.3858
1544401027113 0.3412 0.6823 9.3673 9.3983
1544401028060 0.3328 0.6991 9.3673 9.3993
1544401029189 0.3268 0.7015 9.3721 9.4040
1544401030144 0.3256 0.7075 9.3709 9.4032
1544401031091 0.3268 0.7039 9.3506 9.3827
1544401032037 0.3280 0.7195 9.3529 9.3863
1544401033178 0.3376 0.6955 9.3745 9.4063
1544401034120 0.3388 0.6871 9.3745 9.4057
1544401035066 0.3376 0.6943 9.3972 9.4289
1544401036015 0.3220 0.6931 9.3386 9.3698
1544401037148 0.3280 0.7039 9.3865 9.4185
1544401038094 0.3124 0.6895 9.3458 9.3764
1544401039040 0.3136 0.6907 9.3709 9.4016
1544401040178 0.3208 0.6967 9.3709 9.4022
1544401041127 0.3280 0.7063 9.3721 9.4044
1544401042072 0.3460 0.7063 9.3781 9.4110
1544401043016 0.3340 0.6847 9.3661 9.3971
1544401044150 0.3124 0.6907 9.3458 9.3765
1544401126040 0.3244 0.7015 9.3685 9.4003
1544401127116 0.3304 0.7171 9.3841 9.4172
1544401362059 0.3292 0.6979 9.3506 9.3823
1544401363187 0.0622 0.5303 9.3697 9.3849
1544401364132 0.0407 0.5339 9.3541 9.3695
1544402026061 0.0611 0.5267 9.3685 9.3835
1544402027136 0.1137 0.5183 9.3709 9.3859
1544402752062 0.1233 0.5195 9.3793 9.3945
1544402753071 0.0922 0.5207 9.3925 9.4073
1544402754020 0.0706 0.5183 9.3996 9.4142
1544402755158 0.0958 0.5136 9.3733 9.3878
1544402756103 0.0790 0.5148 9.3733 9.3878
1544402757055 0.0766 0.5160 9.3972 9.4117
1544402758187 0.0910 0.5124 9.3769 9.3913
1544402759134 0.0934 0.5183 9.3745 9.3893
1544402760081 0.0802 0.5160 9.3661 9.3807
1544402761026 0.0898 0.5100 9.3793 9.3936
1544402762161 0.0778 0.5076 9.3721 9.3862
1544402763109 0.0898 0.4884 9.3769 9.3900
1544402764059 0.0850 0.5160 9.3829 9.3974
1544402765008 0.0802 0.5148 9.3709 9.3854
1544402766143 0.0802 0.5004 9.3745 9.3882
1544402767091 0.0814 0.5195 9.3829 9.3976
1544402768040 0.0802 0.5315 9.3937 9.4090
1544402769180 0.0802 0.5100 9.3673 9.3815
1544402770130 0.0814 0.5339 9.3625 9.3781
1544402771076 0.0838 0.5100 9.3733 9.3875
1544402772024 0.0706 0.5183 9.3661 9.3807
1544402804060 0.0802 0.5171 9.3697 9.3843
1544402852059 0.0826 0.5183 9.4152 9.4298
1544402926055 0.0718 0.5171 9.3637 9.3783
1544402927020 0.1137 0.5315 9.3649 9.3807
1544403826075 0.0646 0.4896 9.4200 9.4329
1544403827017 0.0826 0.5016 9.3984 9.4122
1544403858056 0.0802 0.4872 9.3865 9.3994
1544403859006 9.5960 0.2454 1.5131 9.7176
1544403860001 9.6833 0.6177 1.3408 9.7952
